ID	SYMBOL	logFC	AveExpr	t	P.Value	adj.P.Val	B	IPF1	IPF2	IPF3	IPF4	Control1	Control2	Control3	Control4
ILMN_1677814	ABCC3	1.89572414105681	9.74853906958682	8.07027382317259	5.53502134496813e-06	0.00508140118656006	4.37737041077521	10.3748233981672	11.0867979653089	10.5749404717146	10.7490427252702	8.8446130146182	8.48854666663288	8.79071444019991	9.07883387478269
ILMN_1758825	ABLIM2	-1.24259263723724	6.72006360712462	-5.13533144125747	0.000312440450148571	0.0299069183490554	0.597386340376268	5.96312951442321	6.32149476304171	6.20820246940474	5.90224240715432	7.83720306528526	6.94866134023192	7.26440993613746	7.3151653613183
ILMN_1685703	ACOX2	1.09472137141232	7.97719996258072	4.91370286289667	0.000444221585924689	0.0357447943064579	0.257587626647839	8.5526004438203	8.48061273147706	8.20450723126567	8.86052218658449	7.39985718482325	7.69969195146999	7.25465267861458	7.3651552925904
ILMN_1697510	ACSS2	-1.51207768084884	6.31280509215481	-5.87927461185601	0.000100885121780667	0.0179759691094266	1.68131154519393	5.38471397730664	5.79219146604358	5.3836250964895	5.66653446708186	7.10921683568154	7.63252938193363	6.58554524582208	6.94808426687969
ILMN_1672403	ADAMTS8	-1.84437829308553	9.11486830055098	-5.39632289263273	0.000208287893274949	0.0249461491130593	0.987687001555376	8.25723481443772	8.68093088450683	7.20036721347575	8.63218370361256	9.86256323578484	9.70999394692739	10.5526884579904	10.0229841476724
ILMN_1708934	ADM	-2.20222784009914	11.118882657135	-5.75298972352441	0.000121556478728855	0.0193897836769472	1.5035401285931	9.38655545334971	9.4509354925502	10.5234675274627	10.7101164749793	12.9712939357806	11.7131253976458	11.7976484185303	12.3979185567816
ILMN_1679754	ADRA1B	-2.17166163025476	6.67524247808678	-5.26061606858754	0.000256866767169618	0.0271619795629569	0.786086349973112	5.19758321317743	5.5364889016304	6.10540433712653	5.51817019990322	8.40441730157147	8.24698705370135	6.38922253145676	8.00366628612704
ILMN_2371825	AGL	1.40877553674187	8.72294304335425	5.16277140317631	0.000299264218813763	0.029556605652671	0.638926433941028	9.65641198080039	9.72022308200924	9.26931435516846	9.06337382892265	7.61803134847825	7.83549380917151	7.9787185745717	8.64197736771181
ILMN_1770454	AGRN	1.32356024294521	9.45671353231485	5.60663542070893	0.000151289110034816	0.0209558772036619	1.2943258764505	10.4151055975237	9.97895332182656	10.3359499955779	9.74396570022169	8.96148679292894	8.7180346757116	8.49539689433718	9.00481528039126
ILMN_1700183	APLNR	3.45407127648923	7.92415149144938	8.09428602477746	5.37873469735406e-06	0.00508140118656006	4.40312512714067	9.40793866637823	9.49711010797276	8.79265791311372	10.9070418313113	6.38360921480793	5.39142777149079	6.45161446428886	6.56181196223151
ILMN_1812281	ARG1	-1.97881934996743	6.02423105678514	-5.77846175026923	0.000117050209327045	0.0193775662112977	1.53960239258459	5.08559008328261	4.93496467513566	4.87986183845494	5.2388689303325	7.63636646351798	6.01597366202047	6.81226999224519	7.58995280929179
ILMN_1715181	ARRDC2	-1.70856254941435	7.05361149724935	-6.89615409132238	2.43356310820635e-05	0.00866362319015831	3.02123997587952	6.604467472043	5.76376185955042	6.31996848505044	6.10912307352484	7.5096900547047	8.03188784288498	8.03160048395653	8.05839270627987
ILMN_1769013	ASGR1	-1.62812712726029	8.35091982461129	-5.57784528674399	0.000157999448133179	0.0210366510361275	1.25276684384356	7.85927608106437	7.59305160755989	7.42485885947103	7.27023849582928	9.78844621174849	8.59304551237922	8.81411651941338	9.46432530942466
ILMN_2342638	ASGR2	-1.47837732835193	5.50465909778516	-4.5146921666867	0.000851627696094231	0.0493858521203277	-0.372784819929649	4.79611929026211	4.91153718247228	4.65773026051086	4.69649500119152	6.68033724266506	5.19642052158786	6.76992965618076	6.32870362741081
ILMN_1810199	ASRGL1	-1.25555389531611	7.02630907113635	-5.15119476893965	0.000304750014178187	0.029556605652671	0.621415477192032	6.21118670935679	6.56591265391733	6.67249710274121	6.14453202789786	7.41921615743534	8.07307842306043	7.77893275846068	7.34511673622117
ILMN_1680955	AURKA	1.53245041266307	6.46900312763808	4.67314797842825	0.000655942398491608	0.0424512234151184	-0.119668385714356	7.64636137387594	7.74732986972297	6.76593526749665	6.7812868247829	5.89513199809534	5.12903213466333	5.49311828541653	6.29382926705098
ILMN_2357438	AURKA	1.47132401113259	5.90979298378616	4.93292762810233	0.000430748152727817	0.0354622966054973	0.287362177106975	6.72018794391701	7.45645509395517	6.0612282727887	6.34394864674893	5.28848071513557	5.03059930166353	5.38039233250659	4.99705156357376
ILMN_1771308	BAAT	1.33647816620281	5.23907043743569	4.77492751856662	0.000555677669008961	0.0393790241437684	0.0410006266321057	6.52485306684021	6.1269253683518	5.7783501608926	5.19910948606379	4.56803155027049	4.64060741716514	4.61318248533141	4.46150396457011
ILMN_2320349	BACE1	1.21498331303156	6.13076930392446	4.75445128989668	0.00057446919384568	0.0404270184951262	0.00879943185066345	6.26942164347689	7.33901960396596	6.50427598379475	6.84032661052333	5.39933197063784	5.57721254769886	5.49038632488375	5.62617974641427
ILMN_2176592	BCHE	2.8190817114549	7.68517811326771	4.6703870212215	0.000658913829306851	0.0424512234151184	-0.124047942853973	9.79644691219992	10.0617315600948	7.0387364214896	9.48196098219636	5.26340089614883	6.37733911747895	6.52295666637704	6.93885235015621
ILMN_2255133	BCL11A	1.52645143760964	6.343657314671	4.60947617062607	0.000728196649214921	0.0447033061525646	-0.220947563964742	7.36817876415053	7.39104264197413	6.7673163314949	6.9009943962837	4.85775184532812	5.44426657156122	5.5364889016304	6.48321906494499
ILMN_1740900	BMP4	1.86716693482891	8.5583122749619	7.38084592125803	1.29479909951918e-05	0.00594342213931565	3.60469352904661	9.65482703687513	9.7163820757883	9.05704890983941	9.53932494700256	7.10029683689242	7.88115400654126	7.72954856596587	7.78791582079023
ILMN_2298511	BOLA2	-1.02728860245088	8.08301849624412	-4.59531301919157	0.000745377483702487	0.0454815378801786	-0.243555185153233	7.93791530062426	7.45060634305795	7.39481202001144	7.49416311638108	8.73826462591799	8.40163636004482	8.41287055424747	8.83387964966796
ILMN_2205963	C10orf54	-2.16767766651128	8.91341268593649	-5.90316547606214	9.74139498203176e-05	0.0179759691094266	1.71465618169158	7.86504690100478	8.02073001561519	7.27282110354552	8.1596973905579	10.9899501507939	9.871900166606	10.006031942799	9.12112381656963
ILMN_1751559	C16orf30	-1.7750994334524	9.51803959506836	-7.29680518639111	1.44154376862703e-05	0.00632931728151309	3.50597646391819	8.17394182576951	8.67372532610337	8.55969028661169	9.11460207488409	10.2328893450087	10.3851004515951	10.6449586695233	10.3594087810513
ILMN_2369580	C16orf35	-1.43623292412935	9.2538644095857	-4.63485681952714	0.000698440576624462	0.0435070757741336	-0.180506023763565	8.51881769992352	8.38853481410727	8.6031634918719	8.63247578418141	10.8625004278836	9.57854170788216	9.36759342569237	10.0792879251433
ILMN_1702231	C1orf54	1.19323181001809	8.99752103111222	4.80912846988978	0.000525719581584897	0.038357649924922	0.0946465481963248	9.37240319640136	9.5432273617314	9.56137090292657	9.89954628342573	8.1323955251818	8.01865298579496	8.63579109278887	8.81678090064709
ILMN_1713561	C20orf103	1.92072795809481	5.57730176190537	7.8749498308716	7.00358451451178e-06	0.00546366318554163	4.16503574490891	6.44116542789012	6.04745974640646	7.02375517846336	6.63828261105114	4.55053923511023	4.49680282527391	4.7937770398133	4.62663203123441
ILMN_1810752	C4BPA	2.00056893598688	11.4117261782499	5.34458634653971	0.000225548275941983	0.0261804513172427	0.911173828593714	11.8424330569192	12.3351008113796	12.8840445939042	12.5864641227705	9.80986524648808	10.0420896804824	10.2684703976488	11.5253415164068
ILMN_1680738	C5orf13	2.55377694996938	8.15437471672111	7.25086829600276	1.52921653291084e-05	0.0065714013436596	3.45158867887572	9.50178152856169	8.91060928642848	9.10975461758202	10.202907334251	6.96789482158548	6.03287786036603	7.30063106370404	7.20854122129014
ILMN_1656369	C8orf4	2.18047118061107	9.67084731238249	4.81910219427546	0.000517307153962978	0.0382348579699908	0.110257962082027	10.2802337550746	10.2049581215314	10.9978188339141	11.561320900232	7.41842289068122	8.2674223525522	9.25105020360198	9.38555144147244
ILMN_2179717	C9orf61	1.46861703669108	8.34382398791937	4.98288100011914	0.000397715268301727	0.0341815118037871	0.364463910279897	8.70519296871389	9.28161922065963	9.06867687328084	9.25704096240526	7.37236705040455	8.15338967296452	6.93425889468804	7.97804626023818
ILMN_1804339	CAMK1G	2.38136075173973	6.79600224533192	5.57892810787097	0.000157741426996245	0.0210366510361275	1.25433231315302	9.17366438048382	7.63392306737321	6.77859535583291	8.36054768111718	5.3290586202854	5.5234491893556	5.75847154326763	5.81030812493956
ILMN_1809477	CARHSP1	-1.15257936867324	10.3892559369477	-4.92535474383702	0.000436003329758667	0.0356516568871895	0.275640319332074	9.78759941301378	10.0082216140468	9.3823819230363	10.0736620603475	11.1450450909705	11.1615730700736	10.7163306850675	10.8392336390257
ILMN_1804735	CBS	-2.66282782717707	8.08212944058027	-6.37877280527199	4.93159911169817e-05	0.0129355204232426	2.35961881972913	6.25226392558264	7.56558180345227	6.63967505376129	6.54534132517073	10.1305636697229	10.1293144389693	8.49170363525497	8.90259167272804
ILMN_2406586	CC2D2A	1.24970644781041	6.32511719197631	5.07527783451905	0.000343464563104689	0.0318872353533178	0.506063622771245	7.35113022294921	6.58177752801595	7.14016520532025	6.72680870724066	5.38876699097735	6.00297221145482	5.68860765903291	5.72070901081933
ILMN_1688480	CCND1	1.9656900963415	11.9655437477846	5.19327559474204	0.000285303513676117	0.0291023993218007	0.684966782516338	12.8819942268503	13.2919457607005	12.8740053031351	12.7456098931354	9.99608486059236	12.0493876492551	11.1974964071806	10.6878258814273
ILMN_1667081	CCND2	1.80408272771786	9.47711083233958	5.5178790867666	0.000173012133162601	0.0222447297372268	1.16577915917825	10.3487525287824	10.7585260959659	10.0823744700797	10.3269556899661	8.11949102891641	8.66041849724583	9.49632773471544	8.02404061304493
ILMN_2067656	CCND2	1.61328569590144	11.1792173937497	5.346987950441	0.000224714383601804	0.0261804513172427	0.914734972357095	11.994642886159	12.3642260948024	11.688003240208	11.8965687456324	9.80775204160491	10.4111561298022	11.160277372729	10.1111126390599
ILMN_1722622	CD163	-1.61286408386331	11.6341847268843	-4.80553198716234	0.000528788306925552	0.038357649924922	0.0890134895663444	10.4436219641416	11.4231437059073	11.1927697229631	10.2514753467984	13.1288920244397	12.0580503924492	12.0678291928818	12.5076954654929
ILMN_2379599	CD163	-1.52498704458064	11.5809568601095	-4.50783372615241	0.000861371707035597	0.0494236487698805	-0.383820429455866	10.4277264008754	11.5416160041173	11.1841353111522	10.1203756351319	12.7937401112197	12.022165624386	11.9960453679463	12.5618504260471
ILMN_2060413	CD24	2.73932764390661	11.0132910133905	9.98587326177946	6.74205030294596e-07	0.0017544906178276	6.2123852820646	12.8412448225133	12.3570608140557	12.1128392328386	12.2206744719675	9.08398689107779	10.1244082793659	9.82461807868226	9.54149551662273
ILMN_1805519	CD24	1.54402668449554	6.01585188726965	5.95607718203031	9.01709183775966e-05	0.0178547258673757	1.78818131434838	7.3497794246863	6.54299461640515	6.351984434288	6.90670244269024	5.37038476113556	5.46877189003641	4.99755578022305	5.13864174869252
ILMN_1688959	CD27	2.2241212204195	6.30952114419412	4.90884237104774	0.000447697908643113	0.0357884847689731	0.250050977615073	8.39024348189591	7.16033352274979	6.12478003893742	8.01096997403237	4.86654129176315	5.0490979166287	5.94386582048119	4.93033710706445
ILMN_1693552	CD300A	-1.53359348263636	7.02607837851939	-4.68886101083631	0.000639297601656593	0.0421957309171837	-0.0947647483632377	6.33391374751048	6.56818512240777	5.80234904552268	6.33267863336391	8.37677225969274	6.92870519899046	8.2179757173334	7.64804730333369
ILMN_2379560	CDC14B	1.25686354344167	7.61037056157577	4.89722910948792	0.000456120620442506	0.0360378101083263	0.232028985883409	8.08630951833406	8.30794858022449	7.93124998834946	8.62970124627842	6.45853185185729	7.33422316640627	7.07925938076077	7.05574076039541
ILMN_1652777	CDC42EP2	-1.7323729293017	7.67845648539587	-6.30212968105177	5.49196318991448e-05	0.0138651475683378	2.25809472911794	6.51770444104283	6.96870938352451	6.68610400375116	7.07656225466159	8.99440444361062	8.77743560040723	7.87318327467455	8.53354848149449
ILMN_1766925	CDH13	-1.67185618840643	5.71599756722642	-4.90799277933597	0.000448308493664911	0.0357884847689731	0.248733237003622	4.67192190107887	5.41471377446688	4.76757340437044	4.66606881217664	5.52536177770076	6.90295137871105	6.97226410852243	6.80712538078431
ILMN_1779228	CDH2	2.8098073077545	6.34746652307018	10.9845019519042	2.55210408163562e-07	0.00125345875288629	7.01366568482154	7.65198317734492	8.25327333628803	7.60533964182052	7.49888455233626	4.75276265091255	5.39225561827754	4.98555502639537	4.63967818118627
ILMN_1748883	CDKN2D	-1.37144070271267	8.03285404811159	-4.93570944505384	0.000428834535878375	0.0354622966054973	0.29166587718985	7.32348260827967	7.31616288839133	7.4548310818958	7.29405820845422	9.41838848296211	8.90947275577262	8.30717470586551	8.23926165327146
ILMN_2335398	CECR5	-1.25153201460953	5.78693667769427	-4.89549962671666	0.000457389180982294	0.0360378101083263	0.229343343199412	5.15099326555944	5.10964338305273	5.05123685995816	5.33280917298771	7.02177202056474	5.99538627822138	6.1308201192389	6.50283232197112
ILMN_1654690	CECR5	-1.2480914453431	9.36006481586863	-4.53696198593068	0.000820777513314601	0.0487097443866315	-0.336996598398583	8.76316125387564	8.62927057118724	8.8874363758231	8.66420817190234	10.6463562249589	9.53094877031523	9.56254327675454	10.1965938821321
ILMN_1746832	CEP290	1.05546465475468	5.35861901967437	4.81022363934324	0.000524788849707087	0.038357649924922	0.0963614939769979	6.12209702795048	5.65431855656617	5.75155155886349	6.01743824482669	4.61530113074662	4.66342041001147	5.04193049347853	5.00289473495151
ILMN_1810910	CFH	1.77570062329299	8.57633293059361	4.52681492262019	0.000834686180303022	0.0489335362103241	-0.353294634267816	9.47733003602382	9.6886178329696	8.72158971209313	9.96919538787386	6.66445744425831	7.65198317734492	8.51905505385643	7.9184348003288
ILMN_1698144	CFH	1.62585094877633	5.89507472963533	4.79985770520059	0.000533668348215234	0.038357649924922	0.0801221105219403	5.98229691860678	6.97237246758807	6.43009179786882	7.44723963203031	4.82564342273117	4.74159905108126	5.69476674876849	5.06658779840774
ILMN_2412192	CFH	2.13145222845768	8.74576937146486	5.0997954085635	0.00033042250023647	0.0308960335059073	0.543415069490147	9.89954628342573	10.2622345338561	9.36847621908049	9.71572490641248	6.36384301890018	7.69106959678719	8.57025540331678	8.09500500993991
ILMN_1657803	CFH	1.82438936198691	9.22276694902969	4.88396645045038	0.000465944343820858	0.0360390319412642	0.211422349904763	10.3282324664341	10.1309657941877	10.128271125505	9.95237713396579	7.16472274973261	8.13411563994381	8.82825355030197	9.11519713216657
ILMN_2326273	CHI3L2	-3.24438198115038	8.70312113425033	-6.5741549988514	3.76158117749513e-05	0.0113355916471596	2.61429393955637	7.18601758537617	6.2830753398638	8.72646748033413	6.12816016912646	10.3879427601076	10.3404098641449	10.7212034824418	9.85169239260784
ILMN_1740407	CHSY3	1.26847000035364	6.60191739273693	4.51123232384366	0.000856528678667266	0.0494187497677447	-0.378351081930266	7.11010540510402	7.63720951091697	7.05631659113481	7.1409780644992	5.49477703577971	5.80001016139226	6.68002244308082	5.89591992998763
ILMN_1723847	CILP	1.50203131832908	6.6108258339748	4.85440824887353	0.000488649488765269	0.0366886755561046	0.165401028948238	7.39713986156005	6.73459320538644	7.9748775487115	7.34075535689937	5.30931169079885	6.10221301773812	5.71897779369135	6.30873819701271
ILMN_1724686	CLDN1	2.56830872692438	8.80495782494183	6.03474270005264	8.04433822424149e-05	0.0169714312007829	1.89666928764442	10.3465983936818	9.85121149282499	10.7125053181212	9.44613354898814	6.19973796263848	7.90417491174599	8.00339236597265	7.97590860556146
ILMN_1786598	COL14A1	2.58383646391538	6.54466559036959	6.73176190213304	3.03442095255965e-05	0.0098848709643302	2.81544660278381	7.84901825958459	7.07925938076077	7.35368845328889	9.06436919567489	5.27863699469162	5.41817073578907	5.42461635793905	4.88956534522787
ILMN_1651282	COL17A1	2.56785944936981	6.67698016831154	5.60123951408381	0.000152523342523063	0.0209558772036619	1.28654689172691	8.70872186602701	6.97280402844271	9.10818091061603	7.05393276690002	5.13620969145977	5.53167134262715	5.18954527705333	5.7147754633663
ILMN_1701308	COL1A1	3.05918822899525	10.3593232567392	6.56360392023495	3.81650855080878e-05	0.0113355916471596	2.60069170221054	11.1188454887167	11.25159352668	12.7022276256848	12.4830028438656	9.88113976826004	7.92154749854265	8.99027508816208	8.52595421400142
ILMN_1785272	COL1A2	1.74944615426381	11.6383469228039	5.7356133349459	0.0001247361860943	0.0193897836769472	1.47887979120291	12.225388751183	12.0787076114086	12.6192916127118	13.1288920244397	10.107928707817	10.8524934466208	11.17630525905	10.9177679692001
ILMN_2104356	COL1A2	2.5394277791836	11.5102051400401	8.66995582013213	2.75649404772601e-06	0.00378777939854327	4.99845431054237	12.5234615008657	12.227985453273	13.0260605580403	13.3421686063484	9.8797000908718	10.4326625007524	10.6441617440867	10.0054406660821
ILMN_1773079	COL3A1	2.82609239603345	11.4753079032877	8.28423101834415	4.29761876792403e-06	0.00433995031278808	4.60420829379168	12.3666540660112	12.631944882115	13.352284560544	13.2025328965475	9.48447611037531	9.78660801099155	10.9295784712516	10.0483842284654
ILMN_1662731	COL4A3	2.06603608015951	6.61047298890298	5.51405590635902	0.000174019275064704	0.0222447297372268	1.16021372201744	6.97580622962712	7.2944588406836	7.65442824732081	8.64927079829939	4.84838537942585	5.84327050723569	5.63526862917745	5.98289527945389
ILMN_1742534	COL4A5	1.97442110765788	7.98100092054434	6.1211134176941	7.1036849114501e-05	0.0161205757479278	2.01465144861604	8.73096185686964	8.74682195342967	8.96224854525511	9.43281354193869	6.28357101745507	7.31066668490899	6.67283738361746	7.70808638088006
ILMN_1677636	COMP	3.30201235551832	7.31103916033986	6.4550680858125	4.43402517506385e-05	0.012267672117913	2.45977192211502	9.09334234146612	8.27143889624077	9.97639642305068	8.50700369163849	5.23275370148284	4.71677177119385	5.53578283827502	7.15482361937106
ILMN_1690170	CRABP2	1.41481599039175	6.80077859937694	5.27113759814486	0.000252701938898	0.0270043442323963	0.801821042629876	7.55422578374153	7.23884232070992	7.95501984522379	7.28465842861602	6.70200495026383	5.94087796211703	5.8205361888327	5.91006331551071
ILMN_1656920	CRIP1	1.55634124892031	12.1027733124801	5.49938573576784	0.000177941968524462	0.0224618371143035	1.13883656117291	12.7301498219411	13.0405352710852	13.4104080595969	12.3426825951379	11.5208922444299	10.8143751038163	11.3419762470895	11.6211671567443
ILMN_1693090	CROT	1.5008276995549	6.06984533884773	5.31510812148177	0.000236055186923439	0.0268528788488188	0.867388407337335	7.09482479116257	6.51673861637995	7.17477573080716	6.49469761615102	4.82301749771819	5.08917032338559	5.81458271172084	5.55095542345648
ILMN_1729216	CRYAB	-1.10222090161259	8.87174895632066	-4.72222255108769	0.000605412962454701	0.0413092081172216	-0.0420093985916044	8.14242757558121	8.63019938126266	8.09558153598085	8.41434552923274	9.00453416981442	9.65690486649622	9.53552173943959	9.49447685275761
ILMN_1672389	CRYZ	1.33881316341457	9.31964039729047	5.5242451175773	0.000171348830001074	0.0222447297372268	1.17504106502503	10.2893207010976	10.1794562570544	9.57137577117974	9.91603518665938	8.59934120592115	8.48660666141553	8.46522382696817	9.04976356802789
ILMN_2323172	CSF3R	-2.32283338074938	6.81160157850299	-6.02978097330319	8.10226297282525e-05	0.0169714312007829	1.88985562589047	5.27252765838932	5.71114505112456	5.72728375379423	5.8897830892051	9.10272342449529	6.98000324144718	7.75227672837995	8.0570696811883
ILMN_2371280	CSF3R	-2.05844213466544	11.237172432688	-6.05704764697828	7.78934156530645e-05	0.0169714312007829	1.92725112475624	10.2337619998295	10.0679577556507	10.0124154257535	10.5176702801872	13.2180370236909	11.4244629644354	12.1128392328386	12.3102347791178
ILMN_1688022	CST5	1.83673380993404	5.8572290497022	5.73081298303853	0.000125630111517017	0.0193897836769472	1.47205868054156	7.13369240767214	7.32706266401331	6.8743691874399	5.76725955955154	4.80126990303938	5.10034711631104	4.87395082617651	4.9798807334138
ILMN_1725090	CTHRC1	2.43797050432115	8.7107476551917	7.46980589574537	1.15676463123892e-05	0.00569833542856891	3.70809238505418	9.39220837165895	9.49879478083413	9.93440156610231	10.8935269108137	7.62476690475213	7.20704794885194	7.36682581458772	7.76840894393272
ILMN_2117508	CTHRC1	2.4379983446897	7.13995860903797	7.58599004255983	9.99799361442286e-06	0.00560556519756015	3.84145392270427	7.83531189114316	8.12892632557213	8.34302164076672	9.12857126804927	6.45199080235051	6.05184030255938	5.79552510859842	5.38448153326416
ILMN_1804955	CTSF	1.42953598215633	8.43094931841596	6.23158956774046	6.0680422378992e-05	0.0143833902389464	2.16384120993414	9.13813394122941	9.10578513182821	9.22281269550715	9.11613746941172	7.18791091983067	7.87187933335955	7.98013518648986	7.82479986967109
ILMN_1758895	CTSK	2.45827282599126	8.45995763135115	5.69030441507167	0.000133450548237056	0.0195311646575639	1.41435076710935	9.97994325628751	9.17734785360963	9.26258544617396	10.336499621316	5.89088715077693	7.75005545076925	7.51749327383019	7.76484899804571
ILMN_1791447	CXCL12	2.08712047736723	9.29259495628256	5.71625168110836	0.000128383647643886	0.0193897836769472	1.45134509079851	10.3517499520679	10.1320390623155	9.88473585541818	10.9760959100631	7.6794812885932	7.67977701052238	9.16445684737967	8.47242372390054
ILMN_1772627	D4S234E	1.96936431154622	5.90370011953995	5.01721712977419	0.000376567489037187	0.0339063395641886	0.417238615052003	7.54239141134544	7.48016619567289	6.99583925683407	5.53513223739983	4.9844369516574	4.86511669237957	5.02775040859135	4.79876780243905
ILMN_1691790	DACT2	1.58856677804516	5.45505264106734	6.39707996688211	4.80699682261397e-05	0.0129355204232426	2.38373334023118	6.82803566960417	6.14392388342342	6.26990040944094	5.75548415789115	4.6222762802927	4.65187068224711	4.71406802855501	4.65486201708421
ILMN_1735499	DCBLD2	1.25591751607612	8.3500509722948	4.6674546601797	0.000662085229279709	0.0424512234151184	-0.128700599863767	8.88797031421991	9.05321353676662	9.36365282379383	8.60720224655108	7.29533715368316	7.5744379460092	8.29669058275994	7.72190317457468
ILMN_2174127	DCBLD2	1.3617414032659	9.42724237214614	4.79763804690794	0.000535590200429463	0.0383592740357229	0.0766426848333976	10.108240537382	9.86870866835215	10.444201839771	10.0113012496111	7.96562590535405	8.92261385528485	8.9682375749876	9.12900934642627
ILMN_2165354	DCLK1	1.45535669861312	6.90992161722226	6.54759829307178	3.90147517123235e-05	0.0114200136280261	2.58002484060394	7.92234605345419	7.23681624613833	7.5650929857434	7.82614458077935	6.12872566102416	6.33119778272109	6.20299460048479	6.06605502743275
ILMN_2193213	DEFA1	-3.71422616509242	6.55723007143805	-7.19054202135874	1.6531429044942e-05	0.00683731848201311	3.37970087324125	4.53943862486957	4.54730171994406	4.54942997308183	5.16429763767189	9.27658926552548	7.82591880076344	9.64718399411646	6.90768055553163
ILMN_1679357	DEFA1B	-2.66477758231181	6.24274146403789	-7.31934961383514	1.40050371370825e-05	0.00628577189017012	3.53255722123498	4.71767225998103	5.03595619672398	4.83601172960126	5.05177050522165	8.07673581361506	7.04010362652689	8.47436138348957	6.70932019714366
ILMN_1725661	DEFA1B	-3.15112833891807	6.39104534808322	-5.87092902957201	0.000102128512369479	0.0179759691094266	1.66964209011837	4.52862554464796	4.73778525037251	4.66368752211188	5.3318263973644	8.86976036879517	7.09194250391809	9.30917401323601	6.59556118421977
ILMN_2165289	DEFA3	-2.89688174940174	6.0229869323576	-5.72669061469443	0.000126403219538107	0.0193897836769472	1.46619801524953	4.46376616939704	4.49975806798053	4.53231152511081	4.80234846813856	8.36347371630803	6.64825532210523	8.73625746503076	6.13772472478988
ILMN_1790781	DHRS13	-1.85918984844587	6.67644342790149	-5.44987068498901	0.000191889718037608	0.023631686800034	1.06643029758905	5.8515357013106	5.50283641306738	5.84842420647453	5.7845976938617	8.56999614642069	6.92114504492242	7.08266169705957	7.850350520095
ILMN_1737650	DIO2	2.38153208532428	6.70538511148242	6.33438672461061	5.24824879535903e-05	0.0135896001179316	2.30093548408421	7.40990581393909	7.05876154703467	8.62739058897161	8.48854666663288	5.31139912588522	5.78060465953479	5.94875762114288	5.01771486871824
ILMN_1717594	DKFZp761E198	-1.23971677035986	5.91622137051273	-4.6023666089375	0.000736768426496961	0.0450924603332094	-0.232292471103048	4.7609493701683	5.80623673383601	5.41783809064764	5.20042774667926	6.97698657974109	6.40752319383512	6.43984076414402	6.31996848505044
ILMN_2112049	DNLZ	-1.37398318202663	9.02763871350385	-6.23615934918237	6.02883375059599e-05	0.0143833902389464	2.16997090370475	8.15357163380406	8.48660666141553	8.49785021651713	8.22455997822541	10.0736620603475	9.54720674924033	9.49135581978248	9.7462965886984
ILMN_1708107	DPT	1.76351337566035	7.55580369610032	6.11204118522201	7.19673657775395e-05	0.0161502765178774	2.00231438272314	8.01815729501153	8.50531622547988	8.09413586200773	9.13263215322286	6.33221808690007	7.01370246687263	6.85124156291924	6.49902591638865
ILMN_1679262	DPYSL3	1.18732440229813	10.9821596447351	4.65702017112819	0.00067350105051891	0.042775788419278	-0.145266681705366	11.3822961579272	11.5253415164068	11.4885408824768	11.9071088267257	9.9982302313578	10.7775739523994	10.7116031231865	10.0665824674003
ILMN_1723235	DUS3L	-1.05419161053716	7.92613200658647	-5.07396023097644	0.000344180685598024	0.0318872353533178	0.504053664439637	7.42308633271548	7.26153028856059	7.53971304828759	7.37181513570791	8.71102181117786	8.18941136256526	8.39988561482787	8.51259245884921
ILMN_2072178	ECHDC3	-1.73456530872268	8.97135971978821	-5.26711504077536	0.000254285717310173	0.0270305717500714	0.79580747082818	7.85533364103307	8.57574204738131	8.37350186598734	7.61173070730575	10.5064919669335	9.6379877743849	9.13456171147428	10.0755280438055
ILMN_2228938	ECM2	3.47567341089381	7.07918652165038	8.97398965707992	1.96286037455293e-06	0.00304953007575735	5.29638306907938	8.29134244908701	9.11004457889962	8.25567878813503	9.61102709226749	4.7428067245582	4.83050814231976	5.79296349183123	5.99912090610472
ILMN_1796629	EDNRA	1.96329910261352	8.18929753528706	4.63522646537929	0.000698016765695256	0.0435070757741336	-0.17991771287706	9.07156565089984	9.36759342569237	8.8674125966427	9.37721667314034	5.91232201193653	7.08952656928965	7.49914973009183	8.32959362460318
ILMN_2057479	EGFL6	1.47129001391274	9.28467052132139	4.93863625908819	0.000426830853070691	0.0354622966054973	0.296192624335238	10.029303267665	10.0401936840238	9.41838848296211	10.5933766784601	8.63820127672484	8.18175819305592	9.09164438731742	8.2844982003619
ILMN_1743199	EGR2	1.9407909388168	7.95641719309399	4.99040424897026	0.000392976724288112	0.0339185935916538	0.376042688092214	8.25308939933474	9.26376741102495	8.20169820993006	9.9886956297198	7.39457743222803	6.54452463384291	7.06590099245482	6.93908383621661
ILMN_1767324	EIF4EBP1	-1.31081019987448	6.29446132305669	-5.88707872742756	9.97369770457576e-05	0.0179759691094266	1.69221381873204	5.53453600364433	5.78450134747819	5.5364889016304	5.70069863972487	7.38419840834095	6.93757828988416	6.71577500417177	6.76191398957885
ILMN_1718297	EML4	1.19272590668672	10.0053409757423	4.63154636749693	0.000702248190442518	0.0435070757741336	-0.185775658799731	10.6481169163269	10.6716334161089	10.6077365060426	10.4793288778642	9.41526004627635	8.81636812804804	9.97895332182656	9.42533059344468
ILMN_1779147	ENC1	1.92059836981502	8.09672422086501	7.18790331458361	1.6588038105592e-05	0.00683731848201311	3.3765444007159	8.91554000379753	8.9533111708196	8.73927416518301	9.61996828328994	6.7384113213018	7.00413873393901	7.24923501797887	7.55391507061031
ILMN_1701025	EPHX1	1.71218948805818	9.33761249567946	5.11739817979056	0.000321382136809084	0.0305397156833765	0.570174371005985	10.2405539314259	10.2101781639435	10.3923640159921	9.93173284747275	7.41638381660871	8.64780514054962	8.79193985867166	9.06994219077148
ILMN_1709237	EPHX2	1.64432901667534	7.20172326612489	5.14793255684954	0.000306315004676863	0.029556605652671	0.616477224847415	8.31241204703463	8.04348343930788	7.65637458413051	8.08328102737723	5.70413684373899	6.36749690140002	6.1850709974493	7.26153028856059
ILMN_1743445	FAM107A	-1.42341229484453	10.7721187751364	-5.83107996351158	0.00010829459774084	0.018529954082008	1.61376861018219	9.71110818702307	10.4641846806383	9.9599059758436	10.1064516673517	11.3965354308681	11.8710387663447	11.4898314222556	11.1778940707664
ILMN_1753933	FAM150A	1.47946013934812	5.83048895944799	5.1463759771659	0.000307064740135318	0.029556605652671	0.61412032763194	6.46939267255152	6.39997956570364	6.16180001116614	7.2497038670669	4.98543630430911	4.8726798292421	4.87585844677315	5.62906097877133
ILMN_1751326	FAM162B	1.62473986523726	9.7662441982497	5.14585255719323	0.000307317284104615	0.029556605652671	0.613327705373966	10.2818884911832	10.4304148178635	10.6569067148682	10.9452464995584	8.04316802613235	9.19247925895314	9.48925702965563	9.09059274778316
ILMN_1696699	FAM184A	1.44443227489723	8.09835277367695	4.69916006705564	0.000628629208027122	0.0419889354272776	-0.0784612537954166	8.74926723699041	8.67115236757246	9.48447611037531	8.37737992956408	6.89783254851559	7.4464163441366	7.16506256557794	7.99523508668321
ILMN_2129388	FAM190B	1.15033627458492	7.95668911006592	4.52595934249234	0.000835870178371135	0.0489335362103241	-0.354669509362713	8.22925194592838	8.84897142643185	8.28485205857962	8.76435355849367	7.0261079923251	7.69034851744231	7.65991194235359	7.14971543897283
ILMN_1713266	FAM46C	1.77347937842443	9.73014521569413	4.68675400794543	0.000641503525730216	0.0422034094761341	-0.0981020581004453	11.7326823832831	10.1049978066052	10.0433596893634	10.5864997403737	8.48485966676599	9.42462825308315	8.93651528693802	8.52761889914049
ILMN_1726597	FAM65B	-2.46430032948983	8.46969531631025	-6.57906858765613	3.73629081455213e-05	0.0113355916471596	2.62062259245097	6.91016853045305	7.12204440178511	7.26513018180905	7.65283749221415	10.5700695350926	9.5801902597167	10.0378715670138	8.61925056239759
ILMN_2390919	FBLN2	1.88081171837661	9.56971138659559	5.00146233840873	0.000386119626665514	0.0339063395641886	0.393046013000734	10.2217306362609	10.0635479806091	10.3763900018088	11.3788003644568	7.66574090914715	8.88968889019871	9.17268169302813	8.78911061725516
ILMN_1774602	FBLN2	1.9102684142525	10.0380015326948	5.48931944935528	0.000180687835282978	0.0226667839081386	1.12414823384861	10.8807573785239	10.3693300537721	11.1365467880622	11.585908738926	8.27063502171442	9.32730426351057	9.73079510005905	9.00273491699012
ILMN_1795158	FGR	-1.44103236178724	10.6087887991224	-5.14811022157053	0.000306229554616036	0.029556605652671	0.616746212007812	9.2723363036406	9.87454452667617	10.4411293030323	9.96508033956622	11.6099444039373	11.2619745853022	11.5137528362161	10.9315480946087
ILMN_2368318	FGR	-1.57770321319728	11.089418262193	-6.01628963087469	8.26202426460198e-05	0.0169714312007829	1.87130893893962	9.83042113395605	10.3864759616384	10.5856585847805	10.3997109420025	12.3426825951379	11.8483260117886	11.9085981475653	11.4134727206749
ILMN_2355831	FHL2	1.5619534093941	9.47043575909083	5.43952750973254	0.00019494708653039	0.0238521714478872	1.051256011322	10.1551141240873	9.49740869682746	10.7286063639743	10.6245206702625	8.66589514259054	8.54252976385292	8.97049497445827	8.57891633667336
ILMN_1668411	FHL2	1.44735095826248	8.49883626885753	5.71527583770821	0.000128570459186225	0.0193897836769472	1.44995573135116	8.89598805816303	8.89598805816303	9.62299119954469	9.47507967608436	8.00402473517047	7.54991550714964	8.00698986829747	7.53971304828759
ILMN_1738578	FILIP1L	1.84770297933829	8.65668630863602	4.6476864848848	0.000683887854438796	0.0432691540650502	-0.160098442874459	8.81531914638128	9.4174797577837	9.72488446637812	10.3644678226775	6.98757944448054	8.39620779905377	8.2720188438117	7.27553318852149
ILMN_3247023	FLJ22536	1.61889278691682	6.25162911038653	4.57911937892802	0.000765544202731695	0.0464315203080241	-0.269438904531734	6.66587023723163	6.56549597185607	7.22651280714717	7.78642299914491	4.80988431740951	5.79119928488312	6.07830245799057	5.08934480742932
ILMN_1763891	FLJ35258	3.09698577841305	7.58573511650176	8.65200132066122	2.81312526504674e-06	0.00378777939854327	4.98051251658531	9.00196322671035	8.92495429920327	9.45362453753933	9.15636995938019	5.25611888326216	6.01215029445213	5.74162340119296	7.13907633027368
ILMN_1734653	FNDC1	2.32914860297518	5.87358141132716	10.7771406480028	3.10308152915357e-07	0.00125345875288629	6.85500731035795	6.81982065972435	6.76346561065322	7.2462815370274	7.32305504385402	4.75867052383804	4.76119245368313	4.61695491500404	4.69921054683306
ILMN_2163873	FNDC1	2.8665602614881	5.96832103735996	13.0862443056084	4.13231971793548e-08	0.000417302306715714	8.42299813704627	7.19416876567681	7.13716363029641	7.47930358240305	7.79576869403977	4.46275332338202	4.63418871487689	4.51788309023273	4.52533849797199
ILMN_1661733	FOLR1	1.84381030388093	11.2755514713849	5.01046101829026	0.000380632804319512	0.0339063395641886	0.406868813384586	12.8079934131089	12.5474100712953	12.3102347791178	11.1241882297796	10.2364594702925	10.7906249581337	9.79199599399097	10.5955048553606
ILMN_1715452	FREM1	1.27306083809625	5.54343070032598	4.80676370621033	0.000527735215060248	0.038357649924922	0.0909429102682422	6.09787076336786	5.59336290637789	6.58805244120294	6.44055836654774	4.80387144806671	4.7061844750548	4.83361747085	5.2839277311399
ILMN_1741422	FUT8	1.34268142369156	6.98275805674495	4.99291187279211	0.000391410561109478	0.0339185935916538	0.379900152819747	8.21316344045597	7.32843320712033	7.61834333283143	7.45645509395517	6.52104655603274	6.04655316218882	5.98018566045246	6.69788400092265
ILMN_1764022	FXYD1	-1.18343837577476	6.34826559442314	-4.69789685695774	0.000629927585010899	0.0419889354272776	-0.080460093231288	5.26710916234565	5.69254110305145	5.9151754237051	6.15135993704085	6.96484159129018	6.87533628563224	6.64018891327346	7.27957233904621
ILMN_1798971	FZD5	-1.43832477141004	7.39152895103554	-4.61146696650796	0.000725815224325876	0.0446929575783833	-0.217772094287455	6.30111380569986	6.90339193024757	7.27527395565496	6.20968656971969	8.231061210155	8.40566889289532	7.43825121015933	8.36778403375259
ILMN_1660718	GABBR2	2.46730628694631	6.29901063029351	7.7016693737617	8.66024165119973e-06	0.00546596564466503	3.97236793781259	6.95583908027572	8.17281085436129	7.51920057936158	7.48280458106807	4.76879371640377	5.81822265131789	4.88014406752666	4.79426951203308
ILMN_1803194	GALK1	-1.11014046175748	10.4870510509581	-4.97293420871678	0.000404073059659879	0.0344348674512682	0.349141789274952	9.81368325529091	9.78459543501318	10.0541165462078	10.0755280438055	11.3398840418839	10.9061012416455	10.6970765120473	11.2254233317707
ILMN_1802654	GLT8D2	1.58947142874597	7.17608764731326	4.86171701092616	0.000482928835336924	0.036394454057089	0.17679285241357	7.99423678014225	8.03138096381682	7.17674481827907	8.68093088450683	5.88201051901947	6.43606072128352	6.36661304911358	6.84072344234451
ILMN_1653496	GLUL	-1.82012994990694	6.8171264296413	-4.95355603662784	0.000416769219271724	0.035367596309374	0.319247903142029	5.86571077579833	6.04906927588406	6.15281625159953	5.56064951546937	8.51928661820461	6.57373015624012	7.95235814092624	7.8633907030081
ILMN_1656293	GOSR2	-1.16649730779972	7.41867298594729	-4.53106000250547	0.000828837570541231	0.0488047592193039	-0.346474510948417	6.78219350422304	6.87584661601243	6.99429676713131	6.68936044082293	8.6121585146841	7.90385733756498	8.00402473517047	7.48764597196903
ILMN_2316386	GPBAR1	-1.28873051780848	6.9270874227385	-4.94869318143253	0.00042002086904797	0.0353862952233162	0.311737154766552	6.43984076414402	6.48942331252569	5.73545928841945	6.4661652902479	7.8241844972643	7.44152461638631	7.85861829213495	7.16148332078541
ILMN_1726210	GPIHBP1	-2.52494819372158	9.46295905944393	-4.94798939992135	0.00042049367993246	0.0353862952233162	0.310649854635475	8.55031138728292	8.79585583271228	7.26770040910111	8.18807222123624	10.9452464995584	9.42232248601284	10.4473919686268	12.0867716710208
ILMN_1773059	GPR124	1.64413503153654	6.87045183215338	5.04521517343102	0.000360202775140298	0.0329186219434779	0.460137010972306	7.58776631567439	7.37340303468874	7.81467126118123	7.99423678014225	5.31479541886655	5.73572127840585	6.87584661601243	6.2671739522556
ILMN_2367010	GPR126	1.55936477716661	7.12879383871499	4.6331120664912	0.000700444645004601	0.0435070757741336	-0.183283155584851	7.52648735686506	8.15772976200254	8.21251520255034	7.73717258777527	5.45762115992691	7.13288198499295	6.41672012415012	6.38922253145676
ILMN_2074477	GPR4	-2.27698980532817	7.89446376835377	-4.715330910139	0.000612254558064162	0.0413568739438859	-0.0528939503907706	5.8374204111541	7.13980310545168	6.63254088857659	7.41411105757634	9.28203204092393	10.2310885852591	8.77475434814169	7.8439597097467
ILMN_1726666	GPX3	-1.62920096733666	13.0521013688615	-6.25736876520988	5.85036488714626e-05	0.0143833902389464	2.198377227502	11.9379662193124	12.0669753888723	12.5808358377856	12.3642260948024	13.7517999397075	14.2177560279557	13.352284560544	14.1449668819122
ILMN_1705210	GRASP	-2.03593162587921	7.67083432828475	-4.71664842393914	0.00061094035163216	0.0413568739438859	-0.0508125506050456	5.28879190150704	6.83034401887344	7.43177666376091	7.06056147723918	8.12768908694623	9.24726606285017	8.48877243666307	8.89147297843794
ILMN_2413816	GRB14	1.58002824363458	6.25883566080782	5.69527519325086	0.000132463652893311	0.0195282364780014	1.42144619830569	6.53457923118582	7.01565075081907	7.70068657795686	6.94448257053871	5.2017218672023	5.72478776065029	5.69514246791963	5.25363406018992
ILMN_1736184	GSTM3	1.71121607585166	7.58569520462769	5.27421567243956	0.000251497081789662	0.0270043442323963	0.80642092057393	7.77909458685457	8.47476671002857	9.07280459467294	8.438547078658	6.48215925250258	6.24304006808934	7.37978160648743	6.81536773972809
ILMN_1808590	GUCY1A3	1.57127507151881	10.0321408493382	5.15612363568539	0.000302401493230737	0.029556605652671	0.628873507191759	10.7490427252702	10.5520844152202	10.4668608635645	11.5031255363354	8.60840118742962	9.68159343003939	9.39733957429648	9.29867906254959
ILMN_1794501	HAS3	2.35875867737769	7.35924142481916	5.88063840967794	0.000100683469043429	0.0179759691094266	1.68321745849946	8.49136242229985	9.21542684178975	8.35124760015157	8.09644618979086	5.33217313750706	7.29533715368316	5.80468455115646	6.28725350217458
ILMN_1659075	HLA-DOA	1.99125836950958	9.11663922739743	5.01300603857507	0.000379095990590697	0.0339063395641886	0.410775933838223	10.7163306850675	10.3674482315004	9.60352811870582	9.76176661333512	7.89084811721004	7.27837935666125	9.19906715447473	8.11574554222452
ILMN_1700428	HLA-DOB	1.83268045223349	6.31917477972726	5.72290714041063	0.000127117224339872	0.0193897836769472	1.46081675403615	7.70138942685028	7.41842289068122	6.34136558335941	7.48088212248512	5.08272650246385	5.4493839655275	5.89577730362668	5.18345044282403
ILMN_1749070	HLA-DPB1	1.58511066697407	7.85158478586543	4.66174313985508	0.000668308484862853	0.0425798942232651	-0.137766413471942	8.56545259244025	9.31748018246389	8.67915869094207	8.01446901156364	7.22766774485773	6.22812469877141	7.36068772254575	7.41963764333867
ILMN_1808405	HLA-DQA1	1.70828187547005	11.597021556766	4.97812272207651	0.000400743389637409	0.0342958230529947	0.357136114597048	12.5186984005808	13.2503115628154	12.1448001496547	11.8908398649531	10.9782245268209	9.97329198660853	11.0517340702665	10.9682718924279
ILMN_1685954	HMBS	-1.35304435233301	7.24175774726696	-4.67209118665704	0.000657078084429121	0.0424512234151184	-0.121344586653331	6.37614668231238	7.05950058077317	6.56386729542421	6.26142772589208	8.45276871713195	8.11712154085195	7.79974176275948	7.30348767299048
ILMN_1812433	HP	-3.27823462327613	8.63708909769724	-5.05564786208696	0.000354298507215485	0.0325262134101416	0.47609087294548	7.23694775610606	7.35001190424049	7.98162953457014	5.42329794932002	11.9325159704045	9.01777800413429	9.54958002742897	10.6049516353735
ILMN_1809259	HRASLS2	-1.64730935358087	6.04040694103612	-5.87917038539792	0.000100900550501461	0.0179759691094266	1.68116587605913	5.70676577871956	4.96256797159939	5.02506134560001	5.1726139610638	7.4543987792931	6.56874595802063	6.44499787066539	6.9881038633271
ILMN_1811370	HSD11B1	-1.65612394977538	6.28468797186255	-4.9966860512774	0.000389065766697335	0.0339185935916538	0.385704127768996	5.23873010921561	6.01585411076392	4.9910278930125	5.5808918749074	7.73296781174351	7.20728654190055	7.21758038218719	6.29316505116969
ILMN_1812226	ICAM1	1.72124417124274	8.62200558276503	5.60561676996844	0.000151521296210264	0.0209558772036619	1.29285769978478	9.59288643015585	9.75608842395919	9.98919845806787	8.59233736136267	7.87187933335955	8.05719853115038	7.59874682942255	7.51770929464215
ILMN_1665832	ID1	-3.18566748181269	8.24438351946926	-7.75673140047556	8.09225938889105e-06	0.00546596564466503	4.03403389162663	6.68832536295364	5.61582940850838	7.66717023506523	6.63487410772441	9.40793866637823	10.5933766784601	9.49447685275761	9.85307684390643
ILMN_1664861	ID1	-1.780264940991	11.6071998907436	-7.04228938892928	2.00584299569615e-05	0.00764377565737266	3.20078029648417	10.6909206749062	10.2211608276494	10.9547168893574	11.0014712890792	12.4927274730578	12.6294898529312	12.0907146543569	12.7763974646104
ILMN_2056087	IGF1	1.84962898991792	6.8172974296893	5.97105309916463	8.82266668340235e-05	0.0176427127727403	1.80891056322147	8.43028472495639	7.12908161384623	7.51349869226168	7.89558266752875	5.92701543455477	5.38845193169511	5.94244477585909	6.31201959681239
ILMN_2105441	IGJ	3.46247739418027	10.5037495867251	4.89583543048454	0.000457142581148764	0.0360378101083263	0.229864834571536	13.6211895156428	12.9520840610241	9.69260537919408	12.6740741794	8.47298231932899	8.6112198577563	9.72873985118293	8.27710153027164
ILMN_2393765	IGLL1	2.0026610024584	13.461724971109	8.5286607860986	3.23773684449649e-06	0.00394217387158467	4.85619025002191	14.4117864591626	14.6295058346682	14.0505251990089	14.7604043965131	12.117331059347	12.559327830222	12.5433907043761	12.6215282855741
ILMN_2083066	IGLL3	3.00803516168169	9.10790120271562	5.57650640544527	0.000158319104693339	0.0210366510361275	1.25083092086304	11.8634581919939	10.3994193630762	8.86185472410914	11.3229428550466	7.43252733944056	8.21888210236763	7.48055076018984	7.28357428550107
ILMN_1738268	IHPK3	-1.37029664453281	5.95301827000326	-5.30332656394228	0.000240398423280803	0.026975436443123	0.849850163171263	5.06277155699348	5.33883610374868	5.3898825866537	5.27998954355157	6.16950328688592	7.26544738860922	6.66008344317625	6.45763225040728
ILMN_1688722	IL13RA2	1.85630532846264	6.35225987356876	5.14894820387212	0.000305826856290055	0.029556605652671	0.618014863673019	7.92688618668147	7.53971304828759	6.66101429168999	6.99403662454129	5.53383586501101	4.64372884122937	6.1596999841611	5.3591641469483
ILMN_1721762	IL18RAP	-3.74580742360124	8.29584624391415	-7.50691707196439	1.10392929201632e-05	0.00569833542856891	3.75089620175514	5.60724023048459	6.21019531971806	6.05650130134865	7.81783327690283	11.1771706774609	9.45556833052722	10.4737515625392	9.56850925233186
ILMN_1772131	IL1R2	-5.4768352263683	8.87860364759822	-13.4439003238362	3.11090521264807e-08	0.000417302306715714	8.63088666854435	6.05510304228755	5.30615495804369	6.84308085547805	6.35640528184701	12.4531911476243	11.7937387461656	11.5754285854529	10.6457265638867
ILMN_1700144	ITGA10	-2.04706002674637	7.82274954851276	-5.11602963142113	0.000322075528076407	0.0305397156833765	0.568095670121205	6.31996848505044	6.81122724528032	7.00323190283949	7.06245050738804	8.81531914638128	10.1064516673517	8.00431581288419	8.45903162092663
ILMN_2169439	ITGAV	1.35404384165668	9.28999244539041	4.71931775418708	0.000608286809414697	0.0413568739438859	-0.0465963404525027	9.78026749393086	10.2690751275589	9.87755534231149	9.94115950107378	8.17546175857439	8.55629291652089	9.40940516457036	8.31072225858266
ILMN_2317543	ITGB4	1.21934063434598	5.57210336129016	5.70443588658001	0.000130665161112743	0.0194047371984859	1.43451207687634	6.17854461703093	6.04185627581461	6.26442267750307	6.242271143504	4.76847064439737	5.35026085364231	4.83553508563894	4.89546559279006
ILMN_1653719	ITGBL1	1.56840062597119	5.7897467037004	4.84739600306787	0.000494205208766232	0.0368319653190095	0.154463804599737	6.37371031060584	6.27926472788208	6.04273338250889	7.60007964574718	4.94910664129488	5.00331578382884	5.24297725666183	4.82678588107368
ILMN_1680453	ITM2C	1.50762015444177	9.35477697258871	6.04723499707239	7.90044486702198e-05	0.0169714312007829	1.91380694235454	10.5655884002676	9.94162767761179	9.58935563800953	10.3377764833495	8.62544171508629	8.41981450658262	8.70259480315748	8.65601655664489
ILMN_2366041	ITM2C	1.39443348145557	9.39817594717011	5.28007241908805	0.000249221330017987	0.0270043442323963	0.815169113303124	10.5806624433956	9.54224925824698	9.93219539870288	10.3264636512461	8.99539959541249	8.4861892593219	8.56801022379531	8.75423774723959
ILMN_1739726	JSRP1	3.00673997233055	6.54488435856969	4.82344511911351	0.000513688495537515	0.0381432593543059	0.117051089534327	10.0976442492351	8.02427787740369	6.69769221761237	7.37340303468874	4.78617987123631	4.63326708498963	4.68460472282013	6.06200581057161
ILMN_1786326	KCTD15	-1.62885132204189	6.8032977259301	-5.51521083647652	0.000173714377043707	0.0222447297372268	1.16189521001218	5.84926316326663	5.4465950894398	5.79571519436523	6.86391481256494	7.64263375594674	7.78251746387192	7.5548098929473	7.49093243503821
ILMN_1714444	KLF12	1.26505964272584	5.72217174738971	5.43586513412412	0.000196042009226582	0.0238521714478872	1.0458789179894	5.96916553762816	6.49133502258018	6.3942062057578	6.56409950904437	4.71091389333288	5.12178977200506	5.19139141760106	5.33447262116814
ILMN_1784216	KRTAP19-6	-1.47698729884375	6.06438909276252	-4.79020766277737	0.000542076873565768	0.03868666648554	0.0649898396682325	5.53842362777718	5.08504459751733	5.37469412919135	5.30541941887674	7.6253282607867	6.56704259049277	6.91526939053409	6.10389072692402
ILMN_1716983	LILRA2	-2.71717913907778	7.78509505224015	-5.15989122458838	0.000300619211558103	0.029556605652671	0.634571803267407	6.59946697172072	6.71588794956614	5.63509524216549	6.75557176735267	10.6759463683028	8.77703044756684	9.39480008387033	7.72696158737618
ILMN_1661631	LILRA3	-3.85576061026392	6.9556822793425	-5.63221168899883	0.000145581553432392	0.0207064129202396	1.33113442651446	4.86236302709816	4.58883208646032	5.06990020612619	5.59011257715748	10.4249480947957	9.36098631445804	9.37181667223021	6.37649925641389
ILMN_2266595	LILRA5	-2.64116443325202	8.87419777766796	-7.85017705256863	7.21793961359092e-06	0.00546366318554163	4.13774093464929	7.46841515946885	7.2950217437469	8.00503700267854	7.44598833827352	11.17630525905	9.62969310760417	10.1918545989292	9.78126701159251
ILMN_3251658	LILRA6	-1.71249492812925	7.72512111110722	-5.60440248816191	0.00015179856818543	0.0209558772036619	1.2911073440895	7.27623068589697	7.1242674577019	6.23388679985738	6.84110964471415	9.02836814866382	8.01374903373763	8.90329420120732	8.38006291707862
ILMN_1784884	LILRB3	-1.44978569625266	10.2471702210776	-4.91458498545049	0.000443593731711383	0.0357447943064579	0.258955055183368	9.67804184536018	9.32345475479169	9.52432180523232	9.56329108642078	11.742802370138	10.485214756208	11.1640690320834	10.4961661183862
ILMN_3191695	LOC100128266	-2.32960680460637	8.19708531299001	-7.43150094309337	1.21415908453387e-05	0.00572917708025477	3.66370781339192	7.04608880465282	6.47278571643401	6.85797639328051	7.75227672837995	9.35217175363707	8.88941617906348	9.9261894107674	9.27977751770483
ILMN_3280126	LOC100131323	-1.20783506530258	6.1902527824078	-5.31345509051587	0.000236659525429012	0.0268528788488188	0.864929001276425	5.67205389889098	5.81483729795896	5.37957029311047	5.47887950906565	7.15241358168443	6.82227168977175	6.43606072128352	6.76593526749665
ILMN_3249667	LOC100133678	1.95342385266586	12.0727996605839	5.39830804993121	0.000207654158924718	0.0249461491130593	0.990614372053066	13.0740195096283	14.0320657633441	12.5499952236113	12.5419658510836	11.3229428550466	10.3896601406762	11.3297716941915	11.3419762470895
ILMN_3238814	LOC100170939	-2.30451577600506	7.11176346882907	-5.50426687090476	0.000176626473686103	0.0224360055914354	1.14595309611513	5.49171382450472	5.80972017740812	5.80486102987305	6.73172729152026	9.52047834529606	7.94330238557434	8.06659690534411	7.52570779111188
ILMN_1767377	LOC153561	-2.52553394758301	8.41942161560122	-6.23634352319027	6.02725922600173e-05	0.0143833902389464	2.17021787731648	6.59213230261511	6.74480491135888	7.0496258331256	8.24005552013928	10.547317785819	9.58116624492931	9.57527336174359	9.02499696507901
ILMN_1784493	LOC401286	4.01057388814616	8.35110841891592	5.24199783757552	0.000264415671836876	0.0275278521860277	0.758200399115056	9.878919555217	12.0843874677745	11.5175391270966	7.94473530186794	7.08870366458012	6.95140235212967	5.84509994173319	5.4980799409284
ILMN_3276861	LOC441013	-1.32262123446536	7.07642337165711	-5.27269979767202	0.00025208968185384	0.0270043442323963	0.804155782655574	6.37983688703749	6.81808814950675	6.4843379707269	5.97818801042657	8.08595255952536	7.38858235767744	7.63756021269498	7.83884082566136
ILMN_1652199	LOC642113	3.64731884581617	11.4739706063134	6.15598007956102	6.75783335510635e-05	0.0156882712957567	2.0619444131106	14.5340700039047	13.5292750273454	11.0930221103774	14.0341529752585	9.79104995003791	9.47507967608436	9.72958536644193	9.60552974105711
ILMN_1699214	LOC647450	2.70729904813954	11.4983533688757	5.27421494482202	0.000251497365882664	0.0270043442323963	0.806419833398379	14.2458040200878	12.5553114945623	11.3488719222846	13.2580241348472	9.99165665872653	10.0901184670106	10.7915721760483	9.7054680774383
ILMN_3240375	LOC647506	2.68981659709558	10.7792254075208	6.0046179609388	8.40294657661184e-05	0.0169714312007829	1.85524042982039	13.4163955929904	11.7999387730288	10.8270093106309	12.4531911476243	9.71041828096554	9.29344703421305	9.47062035381991	9.26278276689356
ILMN_1665148	LOC648249	-1.15040565431917	11.6593464237736	-5.11230034241208	0.000323973054829416	0.0305760924691108	0.562429734872308	10.8907466072026	11.025812661626	11.2672227708139	11.1527923468138	12.3707242246078	12.0285919967813	11.9481032845863	12.5907774977575
ILMN_1804601	LOC649923	4.14635946585628	9.52743336998808	5.58672359076205	0.000155897028073361	0.0210366510361275	1.26559695922532	13.8877452876582	10.6468769647722	9.59870690518521	12.2691232540493	7.55391507061031	8.18781806001822	6.98029806046108	7.09498335715015
ILMN_1674228	LOC651751	2.47743442423063	9.34268342720599	5.06813156372143	0.00034736756592511	0.0320355375752943	0.495158999910131	11.8338423635274	10.5647016215512	9.00929060300648	10.9177679692001	8.43608178787708	8.34095678640382	7.99823694146618	7.64058934461561
ILMN_1739508	LOC652493	2.8602595339843	11.7652283374254	6.49910216969989	4.17149966012088e-05	0.0118664476951354	2.51716412081581	14.3866458652659	12.9794449851745	11.8754474427914	13.5398941244383	10.2381712754956	10.2443713060299	10.7249584718676	10.1328932283399
ILMN_1680274	LOC652694	2.67417277020349	10.5717983874284	4.93121359706546	0.000431931720797758	0.0354622966054973	0.284709841826825	13.1947311433339	11.3002604047894	10.4103977200561	12.7301498219411	8.78399884479281	8.99104826950556	9.98645304139859	9.17734785360963
ILMN_1766832	LOC653463	3.78377140271134	8.29274350582712	5.00384027640635	0.000384661641954561	0.0339063395641886	0.396699957846481	10.3693300537721	11.6590236210846	11.2707148043916	7.4394483494829	7.0536431144489	6.65256068967911	5.68209620240219	6.2151312113556
ILMN_3305735	LOC730101	1.32171033141066	5.77648550997287	5.2111059049485	0.00027746373792597	0.0284463711415778	0.711810591363733	6.61609572084689	6.26233771667839	6.03651559906446	6.83441366612306	4.99434903351056	4.8180058674571	5.5277921300369	5.12237434606557
ILMN_1734445	LOC91461	-1.6195700973138	7.2115253090638	-4.5698306839216	0.00077736961943311	0.0468672662796732	-0.284302621004991	5.71330452647792	6.40752319383512	7.38346945931809	6.10266386199646	8.14311234949134	7.69066838212495	7.70947610651186	8.54198459275463
ILMN_2172497	LPPR4	2.51953772739427	5.91206172792144	8.50726996053597	3.31816387666185e-06	0.00394217387158467	4.83443791756433	6.7430502930845	6.73869890863959	7.17368532186525	8.03188784288498	4.58015280176545	4.49061928717369	4.71716062786093	4.82123874009718
ILMN_1662482	LPPR4	1.12483762546937	5.4209198880543	4.64430142017817	0.000687696331919528	0.043269167650401	-0.165480612036052	5.9272716417907	5.97791381949826	5.60449284816927	6.42367649369771	4.81694801270962	5.22252309853878	4.67584327409965	4.71868991593042
ILMN_1805228	LRG1	-2.1326199292044	8.51014687890081	-4.87719052206913	0.000471049165461929	0.0360390319412642	0.2008840785928	8.19485880683511	7.66662466277735	7.41103186561088	6.50283232197112	10.7900890420408	9.16416372587828	9.08226025092446	9.26931435516846
ILMN_1652826	LRRC17	2.70065201299921	6.73941591458386	5.39338218964026	0.000209230443766668	0.0249461491130593	0.983349403237641	6.93193296512668	7.30950756272892	9.20768103165528	8.90984612482299	5.01374880897342	4.99871502316422	5.35333222222317	6.19056357797621
ILMN_2150196	LRRC25	-2.83816999208002	6.67485610304555	-6.83137350616859	2.65355647085e-05	0.00924032414513059	2.94063114063289	5.69815440931592	5.20359136573509	4.89756702165923	5.22377163131192	9.4993858928684	7.49393763820628	7.49131764862468	7.89112321664288
ILMN_2129161	LRRC32	-2.05640801785085	10.8616254894495	-7.84045281007296	7.30400089169798e-06	0.00546366318554163	4.12700406150525	9.53552173943959	9.70999394692739	9.74379300487142	10.3443772308578	11.9661971632958	11.5947653034886	11.6360904351688	12.3622650915463
ILMN_1774389	LRRC36	2.10567922373365	6.21501549685149	7.65582451696589	9.16585831848992e-06	0.00560556519756015	3.92070682495962	7.13851033797795	7.3052134314309	7.84050694185488	6.78718972360953	5.31021516501402	5.53870333463709	4.78154752587236	5.01823751441517
ILMN_3248591	LTBP2	2.16272955334506	9.63765872895176	7.1199266247417	1.81204251437121e-05	0.00713518069547485	3.29487942378968	10.3443772308578	10.8852574027891	10.1907893090063	11.455670079844	8.28750753215172	8.98907007048301	8.39024348189591	8.5583547245863
ILMN_1764709	MAFB	-1.2184651477995	10.4568112331921	-4.71290410831614	0.00061468305652033	0.0413825123084704	-0.0567284623449664	9.67000324904005	9.59959964755665	9.78660801099155	10.334103729581	11.4839910819994	10.7608300424858	11.2360234817398	10.7833306221421
ILMN_1664323	MBIP	1.15858123044711	8.91538393951848	4.67027005626979	0.000659040022720089	0.0424512234151184	-0.12423350246035	9.45240484773099	9.70716149255772	9.637469906277	9.18166197240241	7.86085438974744	8.72823224702905	8.52528229040979	8.2300043699934
ILMN_2349393	MDK	1.92966300226722	9.22844732931269	5.66358818721234	0.000138890368446889	0.0198948139824243	1.37614752420243	10.7518033748302	9.76074498688581	9.89244628940106	10.3681206706681	8.45481774377089	7.40108489014325	8.29790812101622	8.90065255778596
ILMN_3241441	MEGF6	1.14340360797646	6.64324917939691	4.72756756288859	0.000600162155823015	0.0413092081172216	-0.033572370923161	7.19368323838198	7.19368323838198	7.14418591853154	7.32825153824506	5.50933423501632	6.17168070071717	6.1122289831515	6.49294558274975
ILMN_1787981	MFAP2	1.66848477759622	6.05162780698063	6.00824502133891	8.35888157864586e-05	0.0169714312007829	1.86023616139151	6.6253733765176	6.79503875010381	6.93705107111738	7.18601758537617	4.99464225135804	4.88766060979837	5.01437833040119	5.97286048117249
ILMN_2193233	MGC29506	2.2892782486782	8.39741330052999	5.91128891442477	9.62628281718494e-05	0.0179759691094266	1.7259733695819	10.7133681752052	8.90984612482299	8.88968889019871	9.6553065092494	7.73548837364386	7.06515472729707	6.96172055122357	7.24873305259905
ILMN_1749234	MGC34774	1.90287885012198	5.94935472262152	5.2928759553937	0.00024432187241515	0.0270043442323963	0.834274795625621	8.01487191954684	6.65402416524259	6.81684887210967	6.11743163383094	4.7077427246903	5.16400506501287	5.23143069722176	4.8884827033172
ILMN_1737283	MGC39900	1.59567241925668	6.12049291674106	5.67161934722828	0.000137230750121741	0.0198208546118279	1.38764380022785	6.71842457071982	7.60769672258575	6.87676362544722	6.47043158672479	5.06626127170945	5.74661986773441	5.29993183029062	5.17781385871639
ILMN_1759097	MLLT11	1.36254634242398	5.91573798260112	4.6654594290677	0.000664252276088642	0.0424553899372225	-0.131867064104531	6.61829627483944	6.57898105928243	6.1653983272717	7.02536895385885	4.79567909307327	5.31005074128522	5.90930287253265	4.92282653866536
ILMN_1655915	MMP11	1.6126584870478	5.97640199612276	6.62711209406467	3.49837599575577e-05	0.0108702615363507	2.68230671011221	6.89459693973789	6.54689839029031	6.4578635960457	7.23156603251274	5.26112174583696	5.14157793466915	4.86134694887097	5.41624438101836
ILMN_1717207	MMP25	-3.38189620501582	8.45089846719087	-5.61216108968926	0.000150036184731889	0.0209558772036619	1.30228710555303	6.87451781296606	6.31201959681239	5.57031849523773	8.28294555371569	11.7131253976458	9.39733957429648	9.72796948318294	9.7289518236699
ILMN_1685403	MMP7	4.26810748838573	8.63118800203767	7.54327742622718	1.05466889888244e-05	0.00560556519756015	3.79264628745277	11.829598438567	10.0351297116163	11.6543104038219	9.54192843091685	6.07718115497788	6.85953186469174	7.54898759864223	5.50283641306738
ILMN_2192072	MMP7	4.82294301458819	8.71158824802271	7.10941990659464	1.83705201844181e-05	0.00713518069547485	3.28219671577807	12.2638235399537	10.4823673497309	11.921875481943	9.82417264963965	5.54570585249139	7.11396513962593	7.72071936437907	4.82007660641806
ILMN_1705183	MPO	-1.05262925740114	5.77215757698539	-5.1536733178041	0.000303566626258497	0.029556605652671	0.625166326406925	5.34288745442348	5.31793331054041	5.10541383430761	5.21713719386776	6.58643339784668	6.24619941476558	6.15266795438017	6.20858805575141
ILMN_1691156	MT1A	-1.82025614117715	12.5506329060756	-6.22506084276115	6.12453117071539e-05	0.0143833902389464	2.15507817687922	11.4904459862987	11.3525674563468	12.2958621933952	11.4231437059073	13.6980545866973	12.9025475325206	13.87064263091	13.3717991565288
ILMN_1715401	MT1G	-2.28216776204709	8.79889781829437	-4.87100740971555	0.000475758827564658	0.0360390319412642	0.191261724252764	7.76021940903522	7.16843739911453	8.45243407689805	7.25016486403552	10.1169677191487	8.69526729581675	9.79766384626266	11.1500279360436
ILMN_1657435	MT1M	-3.45802755337821	9.96731583805851	-6.27290151785234	5.72324361994396e-05	0.01427066066568	2.2191357919492	7.72416818880055	7.85909876858331	9.62200567071883	7.74793561737495	12.4791444380689	10.8833353130334	12.749651196243	10.6731875116451
ILMN_1775170	MT1X	-2.5697633476767	11.4803932389325	-5.00572647981546	0.000383509288269361	0.0339063395641886	0.399597682528277	10.1235675991091	9.97329198660853	11.4214192636339	9.26376741102495	13.5910399444192	11.407053830845	13.0369453177788	13.0260605580403
ILMN_2136089	MTE	-2.01970379286757	9.16334713205045	-5.00577468147355	0.000383479887838428	0.0339063395641886	0.39967172628234	7.44953016785557	8.19704854403049	9.17343430957831	7.79396792100229	10.4552930858426	9.23385039716411	10.5443325421933	10.4593200887369
ILMN_1657550	MVD	-1.07511694412905	7.79519180334879	-4.69243878386797	0.00063557010651735	0.0421663252239591	-0.0890993486432805	7.40147405377971	7.18062696673132	7.27897957077596	7.16945273385008	8.24412436813633	8.70180731152923	7.8991805798473	8.48588884214039
ILMN_1781184	MYBPC3	-1.06148946930115	6.11382801945514	-4.58998735915223	0.000751947513772977	0.045744228721906	-0.25206354543601	5.75241069004242	5.38379132377412	5.57629378011826	5.61983734528346	7.02837851093545	6.26955066478578	6.80537774719094	6.47498409351068
ILMN_1797585	MYO1B	1.45668333035275	8.87340209235672	4.87204545032286	0.000474964700705059	0.0360390319412642	0.192877559483904	9.48287241575539	9.61966960184655	9.66696310625341	9.637469906277	7.37029807910833	8.7572335846195	8.54612992393088	7.90658012106266
ILMN_2093027	MYO1B	1.2848693577324	10.453389440351	4.51366681945277	0.000853077060990968	0.0493858521203277	-0.374434244995355	11.0946990996016	11.4149603555431	10.9126004925384	10.9610365291857	9.09112921147311	10.3864759616384	9.96372601217878	9.8024878606489
ILMN_1809522	NACC2	-1.99004598932893	6.99476129265859	-5.91689289042756	9.54771715340063e-05	0.0179759691094266	1.73377442689261	6.00272541278554	5.94423612015537	6.15645609522215	5.89553556381344	8.83036623635238	8.33156714938158	7.69911315700117	7.09809060655709
ILMN_3242377	NACC2	-1.33382029329037	5.7513929021207	-4.700685813087	0.000627064737519067	0.0419889354272776	-0.0760473016780239	5.02192229066895	4.99030044686297	5.23612303507116	5.08958524929901	6.82039277289745	6.992691169239	5.85704594522084	6.00308230770626
ILMN_1711786	NFE2	-2.96342495468981	8.2808295003203	-7.77012987687928	7.96019472152932e-06	0.00546596564466503	4.04897659601138	6.64084506741571	7.12149189027893	6.89040662404949	6.54372451015744	11.0538554120044	9.2370056596293	9.48634596854189	9.27296087048524
ILMN_1718672	NHP2	-1.11722563963149	8.96274359168883	-4.75140156531244	0.000577324725918955	0.0404869010048095	0.00399808274857527	8.36347371630803	8.50318410859242	8.45391324737836	8.29595201521355	10.0074715828391	9.1502294246987	9.61605097105267	9.31167366742783
ILMN_1716105	NLRP12	-2.25347677180407	6.49420073953424	-6.01825755804549	8.23851290232078e-05	0.0169714312007829	1.87401607084914	5.1466069594895	5.67850226006864	5.00743431592442	5.63730587904625	8.82353377401493	7.39268465325323	7.02375517846336	7.24378289601356
ILMN_1738684	NRXN2	1.5414083158819	5.90454383498966	6.38329661321685	4.90049152213966e-05	0.0129355204232426	2.36558252208663	6.83994351859225	6.36344754582241	6.56972340092699	6.92787750638079	4.92524157139715	5.00806834496521	5.62151300055422	4.98053579127826
ILMN_1781996	NUDT16	-1.43750287995915	7.18865320628911	-5.29986200569902	0.00024169166806785	0.026975436443123	0.844688574380578	6.06535411697294	6.36113207229305	7.21814950200053	6.23497137397164	7.90689228755037	7.73513817560013	7.88232769411291	8.10526042781134
ILMN_1760280	NXT1	-1.01046812937384	9.57677176758842	-4.53466300770393	0.000823907298530683	0.0487097443866315	-0.340687916264519	9.02836814866382	8.9254784281328	9.40013483478703	8.93216940002236	10.4397317214779	9.99449178604254	9.99331042133253	9.90048940024841
ILMN_1789186	OBFC1	1.08601349991457	9.5638315137128	4.91746976847614	0.000441547002210909	0.0357447943064579	0.263426095122196	10.3013031632639	10.021371932071	9.90234932659229	10.2023286327531	8.98094974181484	9.36523230879226	8.71891252962208	9.01820447479289
ILMN_2387105	OGN	2.48283349414771	6.06766029620554	6.13845935886474	6.92932473189335e-05	0.0159035876829602	2.03820342873787	7.94143644442566	6.61801777057671	6.35173694743539	8.32511701067985	4.69912897048741	4.76255596490545	4.95176701861696	4.89152224251692
ILMN_1790098	OGN	2.77001135558829	6.50261581117407	9.10471371991217	1.70086945171637e-06	0.00286270502635963	5.4211299655656	8.28063707789316	7.25996900765349	7.66394429961719	8.34593557070901	5.12522492842652	4.77251474522984	5.67283127217259	4.89986958769076
ILMN_1723035	OLR1	2.37487280479578	10.3346205226775	5.88525086312072	0.000100004639958205	0.0179759691094266	1.68966118189614	11.1077767186218	11.8445882440983	11.4198829897364	11.715979747845	9.29914291006881	8.23200403943807	10.3576324463292	8.69995708528223
ILMN_1749846	OMD	1.11230074348562	6.14263266148674	4.88684759860817	0.000463791456673005	0.0360390319412642	0.215901152849368	6.96010694802341	6.80016951109586	6.25578145132212	6.77907422247679	5.50719129380157	5.40487043277624	5.61582940850838	5.81803802388951
ILMN_1711030	OPLAH	-1.47375938093729	8.94574247949828	-4.93541993337412	0.000429033272747041	0.0354622966054973	0.291218033830972	8.26518577892466	7.93999598698469	8.34855436301968	8.28171502718952	10.0743996411953	9.86818146455354	8.7804359912798	10.0074715828391
ILMN_2199926	OR7E37P	-1.61729931940895	6.56592340253446	-6.50903213137888	4.11462553891024e-05	0.0118664476951354	2.53006493105923	5.85514087813774	5.55552575688886	5.95848569906637	5.65994263722694	7.45645509395517	7.16733302874868	6.96896319305024	7.90554093320165
ILMN_1807529	PADI4	-2.9358099706094	7.18075970654537	-6.02519376256414	8.15621106809987e-05	0.0169714312007829	1.88355278598586	5.41679491442964	5.40027613111164	5.37351798758207	6.66082985183934	9.50082314921874	9.39522396866642	8.46213810294045	7.23647354657468
ILMN_1658356	PAMR1	3.53221309365941	6.8431104269364	9.78820168718161	8.24885109326032e-07	0.0017544906178276	6.04212859043661	8.25101849106631	8.25369118556832	8.18175819305592	9.75040002537386	4.62366695749667	5.454751032225	4.98849999231303	5.24109753839207
ILMN_1814315	PBXIP1	1.08452611444373	5.64154100152357	4.57396618911178	0.000772081211892843	0.0466877971155681	-0.2776835017206	6.40457410406406	6.35338430303461	6.29842212344497	5.67883570443812	4.95193494493715	5.02484599203165	5.01534078579009	5.40499005444793
ILMN_1737426	PCMTD1	1.46041270501778	9.15998856579514	5.211206689869	0.000277420077495606	0.0284463711415778	0.711962182485579	9.80281389063735	10.1216955122314	9.46793548088465	10.1683347894627	7.8622394006514	8.34451798357527	8.52016593901528	8.99220552990304
ILMN_1806533	PDE7B	2.28566015653786	6.22873133826579	6.99029476397944	2.14798742941231e-05	0.00803387076145194	3.13726385191405	7.65497907682751	7.26677863846368	6.48633403904686	8.07815391180086	4.79638141842887	5.37075556904377	4.90934034047703	5.26712771203779
ILMN_2306540	PDE9A	1.36501077472009	7.08491356789291	5.35690337162883	0.000221305953474	0.0259867229204325	0.929428051331559	8.25140172378542	7.34677826031644	7.90029757944931	7.57119825746066	6.46939267255152	6.07029987279913	6.37649925641389	6.69344092036694
ILMN_1653292	PFKFB4	-1.58641992022572	8.34382696184412	-4.78317876311596	0.000548289216883472	0.0389922440612517	0.0539590619181274	7.50749542009074	7.97934684300832	7.15290369206645	7.56272205175952	9.92545082389211	8.37449519569124	8.87445816127284	9.3737435069717
ILMN_1704870	PGLYRP1	-2.21563354391285	5.86427337348457	-5.81989730101929	0.00011009528592568	0.018529954082008	1.59804350218863	4.52180019238624	4.87702727367552	4.72875994856152	4.89823899148929	8.13937250833452	7.05033432191045	6.67773944323214	6.02091430828686
ILMN_1808047	PHC2	-1.83896884568824	8.43242671832564	-6.71296126941831	3.11265804121745e-05	0.00996622262200468	2.79165065742177	7.58908205606188	7.31467154985532	7.9184348003288	7.22958077568008	10.006031942799	9.11323327621383	9.2706013415319	9.01777800413429
ILMN_1693192	PI3	-3.72912885610795	7.32987239320996	-6.70227588644562	3.15808411055255e-05	0.00996622262200468	2.77810221428886	5.4605566510128	5.01735159651792	5.61086291754676	5.77246069554644	10.6788167968446	7.56474259940194	9.95044677073886	8.58374111807034
ILMN_1652787	PIK3AP1	-1.1754422424195	8.47884665767959	-4.62658923126048	0.000707990612768932	0.0437287046057924	-0.193669458667687	7.88232769411291	8.29015484317064	7.64636137387594	7.74565823471986	9.35844583894083	8.64250120192653	9.40177120171614	8.86355287297385
ILMN_1789781	PIM3	-1.29490057920395	6.50123017395686	-4.51345460786784	0.000853377352576836	0.0493858521203277	-0.374775637455251	5.54241961797169	5.55824169332631	6.27728248879787	6.03717573732369	6.94747321027977	7.83590864491021	7.02121707967114	6.79012291937424
ILMN_1734276	PMEPA1	1.42459524919293	9.40521447656885	5.18488354609039	0.000289074195689142	0.029192157651668	0.6723151267724	10.5153520876192	10.1244082793659	9.60632718838845	10.2239608492877	8.85484740938706	9.13561331218017	8.57356882719678	8.20763785912553
ILMN_2196328	POSTN	3.0643228783591	7.55035920462322	7.98585541880659	6.12444975805493e-06	0.00537806572884502	4.28622265316984	8.7172619535446	8.21499668327326	9.6106831664581	9.78714077193513	6.45370125537684	6.1854595159589	6.18649223830226	5.24713805213669
ILMN_1790761	POSTN	2.37628392625768	6.93964169014797	7.54987700897867	1.04598380023102e-05	0.00560556519756015	3.800204268386	7.58711831163289	7.8526618752518	8.55229937236612	8.51905505385643	5.19590875354359	6.32114075871445	5.96087774906971	5.52807164674877
ILMN_3304072	PRG4	1.20902800901301	6.43906087082249	4.5678564069704	0.000779907682726277	0.0468803436548292	-0.287463419790738	6.69479360941792	6.79978854512207	7.1240221002093	7.55569524656668	6.30760777652727	5.78189777723702	5.71652679631965	5.53215511518001
ILMN_3221432	PRG4	1.56870961652765	6.79833053238582	5.72476324065326	0.000126766412860439	0.0193897836769472	1.46345698423233	7.38346945931809	7.42891489819431	7.26733851401987	8.25101849106631	6.08319816633981	5.8742491561761	5.69031306529729	6.40814250867478
ILMN_1749419	PRKAG2	-1.02679885927835	5.76729756470394	-4.50960820453965	0.000858839489452809	0.0494187497677447	-0.38096456967247	5.2133466827785	5.46963902407315	5.05282667823696	5.27978015517045	6.07878067135779	6.56332440068396	5.95517789791927	6.52550500741143
ILMN_1671365	PRODH	2.03267830773779	9.06568054782065	4.87276375506636	0.000474415997702157	0.0360390319412642	0.193995591990605	8.89681102211957	10.7949703009575	10.6097122902058	10.0265851934753	7.41614426388373	8.75547575287657	7.98194506706686	8.04380049197985
ILMN_1775257	PROK2	-3.92749579415946	7.36448979087883	-6.41545691038842	4.68529608358945e-05	0.0127876925676022	2.40788725325001	5.52281085900505	4.98939254071136	4.99542365678424	6.09534051869575	10.5749404717146	9.35555084401859	10.1703740285768	7.21208540752423
ILMN_1708516	PRTFDC1	1.13555630711793	6.44294656790393	4.55842146197131	0.000792157580342091	0.0474753906533211	-0.302576273349281	7.03454242385489	7.00778628937533	6.67145156506166	7.3291186075597	5.74026309117781	5.46996103958078	5.97471742266803	6.31573210395328
ILMN_1786648	PRX	-1.53017025330117	7.42780727626339	-4.66837931903172	0.000661083466136653	0.0424512234151184	-0.127233346947892	5.88285566189037	7.41545621284586	6.63546978192344	6.71710694179155	7.77274422660283	8.53213032299756	7.96741797011474	8.4992770919408
ILMN_1717477	PSD3	2.23593899489689	6.12874673038426	10.1257735183677	5.85656231971636e-07	0.0017544906178276	6.33046506594534	7.23156603251274	7.09423153122168	7.16086127836609	7.50020606923031	4.61260557612071	5.13879918252384	5.16288756129473	5.12881661180397
ILMN_1796430	PSMD3	-0.910551605363745	7.21054027455838	-4.55302366587735	0.000799256478963474	0.047759121614276	-0.311228079672722	6.94658794129521	6.56459918134534	6.74255443337059	6.7673163314949	7.73455039997534	7.51099647523561	7.65359627961534	7.76412115413471
ILMN_1664464	PTGDS	2.25578345651706	11.0792615968206	7.48504207649656	1.13475135628597e-05	0.00569833542856891	3.72568918131379	11.7566835040221	11.8223306896564	12.2855010269288	12.9640980797092	9.82334097585239	9.85564018838616	9.699986366639	10.4265119433707
ILMN_1743130	PTGFRN	1.56698507233382	7.83832447166492	5.86353562778665	0.000103243670678491	0.0179759691094266	1.65929475963541	8.81852787636915	8.11105202261425	8.90541248577732	8.65227564656659	7.04259533822515	6.56507045969547	7.48632576762585	7.12533617644556
ILMN_2077905	PTGFRN	2.01190011477643	7.32699420882741	7.54772884499686	1.04880233627699e-05	0.00560556519756015	3.797744814779	8.32440450241266	7.97364897796823	8.53920479226071	8.49451879222091	6.19346933725491	5.82799048692402	6.90899823647093	6.35371854510691
ILMN_2374683	PTPN13	1.51209594773999	7.48881643676655	4.72995198591529	0.000597835231090092	0.0413092081172216	-0.0298099464825761	8.38175309550939	8.06962245870445	8.21059838644124	8.31748370189109	5.81272387918293	7.46122756933007	6.98140709944701	6.67571530362622
ILMN_2346997	RAB23	1.51325661766868	9.20713276881544	4.87187589110132	0.000475094322194944	0.0360390319412642	0.192613631261422	9.61152270215113	9.80202289916905	9.87387563598286	10.5676230732961	7.68525509776922	8.91336514946507	8.63414569263572	8.56925190005437
ILMN_3307930	RAN	-1.56007139218531	10.1729962863102	-5.86568652561204	0.000102917916619882	0.0179759691094266	1.66230591843614	9.36568407724152	8.94336929507892	9.3737435069717	9.88904548157804	10.9760959100631	10.6310790668794	11.4177015837225	10.7872513689464
ILMN_1768958	RASGRP1	2.29695742495255	6.44463429791584	5.85337589241928	0.000104797269666159	0.0180905167132258	1.64506160658137	8.05719853115038	7.28401290042605	6.97888011319587	8.05236049679616	4.68570637124697	4.95449586588425	6.40886100275551	5.13555910187152
ILMN_2120210	RCAN2	1.68611820067346	8.51580563286474	5.67083128546659	0.000137392664537105	0.0198208546118279	1.3865161788536	9.54720674924033	9.87518332459245	8.91310795071163	9.09996090826148	7.02121707967114	7.80156582145295	8.08447693618557	7.78372629280239
ILMN_1801441	RFTN2	1.72546096961731	6.1976536650668	5.22517400555768	0.000271439137574326	0.0281141346748136	0.732955026830348	7.23064320927538	7.3291186075597	6.4129005950912	7.26887418757553	4.70026618134865	5.41624438101836	5.09958193756181	6.12360022110375
ILMN_1758067	RGS4	1.44110329399377	5.95841199160593	4.72278988489801	0.000604853342482419	0.0413092081172216	-0.0411136708613595	6.02540333262267	6.37633733061201	6.76957368496382	7.54454020621277	5.18198322655077	5.1855295974805	5.35384467416072	5.23008388024418
ILMN_1651554	RGS5	2.58081424605533	7.8810428182853	5.74515806815202	0.000122978791169916	0.0193897836769472	1.49243152772183	8.71309934437946	9.53932494700256	8.41483871967227	10.0185367541976	5.84657269091496	6.79654376002806	7.67872165107594	6.04070467901159
ILMN_2082273	RGS5	2.85820828360725	7.91697090332829	4.87013378319364	0.000476428258073849	0.0360390319412642	0.189901693153687	8.448003246	9.8642506062398	8.87738991643213	10.1946564118557	5.1261340294193	6.88910867039126	8.06480388719092	5.87142045909718
ILMN_1731736	RIN3	-1.32820702743522	6.44778011727297	-4.87566256093194	0.000472208419911883	0.0360390319412642	0.198506755090314	5.29196795934429	5.83312943075837	6.15012597008541	5.85948305403336	7.54615571093069	6.67333865258981	6.8804089911875	7.3476311692543
ILMN_1730628	RNASE2	-2.57405956367976	6.9793245492671	-7.73141897533887	8.34822817320587e-06	0.00546596564466503	4.00573717144493	5.6958845279153	5.30838511072185	5.78272360118353	5.9821858298882	8.74097230314604	8.83760907225815	8.16335334074406	7.32348260827967
ILMN_2189306	ROBO2	1.60719952826504	5.82215896168484	5.47971857853178	0.000183348666369907	0.0227183620532086	1.11012395183096	6.48813895244011	6.77028468879961	5.93910607274516	7.30550518928455	4.89611568783486	5.34387507869634	4.81021352071811	5.02403250295996
ILMN_2170595	RRM2B	2.10228484435289	7.10729983403569	7.13303476866086	1.7813514461555e-05	0.00713518069547485	3.31067965447136	8.59872894305393	8.36778403375259	7.77088787867451	7.8963681693675	5.33716742516487	6.2151312113556	6.35528165531518	6.31704935560133
ILMN_1748915	S100A12	-5.02385491814436	7.51335426754172	-7.90937304485424	6.71701487619241e-06	0.00546366318554163	4.20282632952222	4.77695921979106	4.85417955921721	4.69606619480124	5.67850226006864	10.1758843086881	10.6582596073129	11.4852561317698	7.78172685868478
ILMN_1712545	S100A3	-2.27892550964055	7.48145123924981	-6.46224190655984	4.39007906817386e-05	0.012267672117913	2.46914247932877	5.98637352683593	6.15676837603906	6.16605048780848	7.05876154703467	8.42068363525481	7.971614071642	9.52738652975247	8.56397173963104
ILMN_1729801	S100A8	-3.1951816076925	12.3487422721065	-9.73801131118424	8.68688724972819e-07	0.0017544906178276	5.99825085634146	10.7426291487572	10.637554919067	10.1723175132871	11.4521042919295	14.3024794536561	14.2591922121198	14.0192230285036	13.2044376095314
ILMN_1750974	S100A9	-2.60638073356164	12.6754158212504	-8.28707428945136	4.28333227334164e-06	0.00433995031278808	4.60718292671251	11.1682393271005	11.6244863860868	10.985526868986	11.7106492357049	14.4832038563096	14.1476459717424	14.1640806165128	13.11949430756
ILMN_2304512	SAA1	-4.60588192705589	7.45037675890836	-6.7931864942782	2.79314141998956e-05	0.00940217954325487	2.89281784041369	4.84749488016786	4.9061949830257	5.91078839398228	4.92526492434583	11.0405383908055	7.26579311850218	10.107928707817	10.5990106726205
ILMN_1709067	SAMD11	1.72354018955687	6.65555117662821	5.48458612905	0.000181994492306727	0.022689770130364	1.11723596855882	7.40684929194444	6.87088463453906	7.80820012569093	7.98335103345214	5.18767337785833	5.77145159327521	6.35712486229477	5.8588744939708
ILMN_1700896	SAP30	-1.24863098801366	8.20902646968202	-5.52370947390512	0.000171488125704185	0.0222447297372268	1.17426200922988	7.65067540349223	7.37370350718624	7.67750696647198	7.63695802555031	9.15228279860641	8.56397173963104	9.05704890983941	8.56006440667853
ILMN_2388190	SCEL	2.08429169107526	6.70690280849174	4.99052521846295	0.000392901019845882	0.0339185935916538	0.376228797044702	7.95602705956878	8.16082160826538	8.02481273940488	6.85453320887843	5.12233060081835	6.85421294081232	5.56597669698095	5.11650761320481
ILMN_2065773	SCG5	2.85889241704555	6.1805123201269	8.41856240663916	3.67541401520167e-06	0.00412401871472378	4.74362180088474	8.54979239231738	7.08177948764051	7.90774127312789	6.9005209615129	4.6809903428334	4.63732840731612	4.81419789759831	4.87174779866867
ILMN_2391912	SEC14L1	-1.64102850450026	7.27142618040647	-6.89261930979997	2.44504887774929e-05	0.00866362319015831	3.01685775694862	6.28805286819409	6.19056357797621	6.70167426643699	6.62335700001809	8.51881769992352	8.13585165814597	7.88676979935655	7.82632257320036
ILMN_2285802	SEC14L1	-1.4863728652387	8.44075444517887	-5.78508507258586	0.00011590781817508	0.0193470264767115	1.54896242478226	7.99512652251117	7.43988941291142	7.54058485363427	7.81467126118123	9.6424693305393	9.41201305059408	8.85445793255586	8.82682319750363
ILMN_1719661	SEPX1	-1.5492020902791	10.8679096290636	-5.31407720635219	0.00023643189137794	0.0268528788488188	0.865854646043076	10.3859038117173	10.2167387737738	9.89752394260724	9.87306780759763	12.4199515970681	11.1077767186218	11.461787026477	11.5805273546454
ILMN_1788874	SERPINA3	-2.52197986862812	11.5231955144619	-5.89881079246096	9.80370513479912e-05	0.0179759691094266	1.70858510916733	10.2719740745022	9.72627276007135	11.4962259718528	9.55434951416498	13.2293139918446	12.218011345639	12.3666540660112	13.322762391609
ILMN_1707975	SERPIND1	2.90870987257372	6.45890164778488	7.58901473680393	9.96031784110717e-06	0.00560556519756015	3.84490058616376	7.4410232389132	7.05607484880143	9.02759305109649	8.12833519747585	4.87855322074311	4.70323304041777	5.3774250786625	5.05897550616869
ILMN_1722898	SFRP2	4.85445672210048	8.87608937571654	12.2148425134494	8.5031940872913e-08	0.000572463369936741	7.87978075406693	11.6211671567443	10.6916256795493	11.1005393377447	11.7999387730288	5.41914921208434	6.64327290662057	7.38159297064665	6.35142896931361
ILMN_1810172	SFRP4	2.95540495641686	7.70878985308366	5.249115384898	0.000261502442942303	0.0273656209331902	0.76886735499359	9.25867077319541	10.2064831061283	7.40563212125216	9.87518332459245	5.99514039341909	6.89501337536132	6.72634302796475	5.30785270275575
ILMN_3310065	SFTA1P	2.177140978519	9.59734266106918	5.91107003578468	9.62936534957371e-05	0.0179759691094266	1.72566857626868	10.4711310851716	10.6023509354477	11.2630780843052	10.4070924963903	7.5548098929473	9.07156565089984	9.19247925895314	8.21623388443845
ILMN_1770905	SHC3	1.71569993529903	6.58902174727398	4.51574128870022	0.000850147397225085	0.0493858521203277	-0.371097300788717	6.90295137871105	7.8755966677462	7.79101254710283	7.21792626613391	5.00523477874376	6.81765802196387	5.46528246578753	5.63651185200272
ILMN_1661264	SHMT2	-1.06794010226561	10.3486469026413	-4.81742922586177	0.000518708277653982	0.0382348579699908	0.107640380303613	9.80081004239323	9.59394417866474	10.2538200504373	9.61013313453865	10.9547168893574	10.985526868986	10.7733472748884	10.8168767818645
ILMN_1655549	SIGLEC10	-3.97816807977423	7.82951245693277	-6.79443503952362	2.78845535072955e-05	0.00940217954325487	2.89438460262909	5.72478776065029	6.13837700386322	5.71177860836769	5.78677029530139	11.7106492357049	8.20940234139759	9.16247981124791	10.1918545989292
ILMN_1707720	SLC1A5	-1.1683978012342	8.60442072979943	-4.64620335724515	0.000685553760499879	0.0432691540650502	-0.162456375707375	7.70784125999865	8.13134180060984	8.48877243666307	7.75293181945776	9.50996963918405	9.0534753767371	8.88335190161701	9.30768160412797
ILMN_1663519	SLC24A3	1.0157255147739	7.37012314351835	4.93550360806537	0.000428975823819727	0.0354622966054973	0.291347470872789	7.73977618188193	7.8097828784514	7.88506185344718	8.0773226898407	6.96896319305024	6.70229885458441	6.71225582975916	7.06552366713179
ILMN_1715969	SLC25A37	-1.89634497421464	8.82264007177329	-6.32144861928547	5.34458486660203e-05	0.0136638709557926	2.28377188775004	7.35134823885819	7.53006415803829	8.23686792362176	8.37959001814561	10.2897979103824	9.7611344967756	9.67133151390644	9.36098631445804
ILMN_1755843	SLC26A8	-1.29308650830193	5.75684091435156	-5.51599124223791	0.000173508673344926	0.0222447297372268	1.16303129918839	4.71777291321173	5.336240331136	5.16592815204092	5.22124924441372	6.59285759593992	6.39031700541227	6.60930762089594	6.02105445176198
ILMN_1748090	SLC2A11	-3.3452230445788	7.64496300075164	-7.71750749142089	8.49260074859469e-06	0.00546596564466503	3.99014819310793	5.69859234583554	5.75459029030406	5.86989213769872	6.56633114001064	10.0868819917986	9.3473938332197	9.92054562093217	7.91547664621369
ILMN_1727200	SLCO4A1	-3.46504822549999	8.20612436616961	-9.48081082579148	1.13631693921132e-06	0.00208638120193191	5.76918448730963	6.1230670597984	6.17624740039096	7.59957095333283	5.99551560015628	9.66025546317149	10.4461990012277	9.57071348429596	10.0774259669833
ILMN_1781468	SMAP2	-1.42876220891931	8.30310412176068	-4.69129013114738	0.000636764331004978	0.0421663252239591	-0.0909180355600796	7.41372158662519	7.57119825746066	8.0617627341539	7.30820949096433	9.61674686804249	8.37072273916905	9.3376251217714	8.74484617589838
ILMN_2223130	SMARCA5	1.18482097706167	8.45655769435621	4.73379366921319	0.000594106129863284	0.0413092081172216	-0.0237498439603243	9.32380239497034	9.41171603096096	8.65601655664489	8.80433774897202	7.4959682717149	7.91784714451524	8.08182935829164	7.96094404877973
ILMN_1740555	SNAP25	1.74486294494054	5.71580152636466	7.42786846618437	1.21975845150743e-05	0.00572917708025477	3.65948802157643	6.79040915956414	6.11981938236574	6.55229682936034	6.89040662404949	4.6296493804014	4.76115750731379	4.9676775426458	5.01499578521657
ILMN_1815745	SOX4	1.36022601091407	9.14768034494153	5.82455013690686	0.000109342222425905	0.018529954082008	1.60458876771553	9.85051385933201	9.64082547968257	9.47323566889792	10.3465983936818	8.51759289753937	8.46875774396275	8.41261247697212	8.47130623946372
ILMN_1791328	STK39	1.06330913452426	8.57247286318626	4.89389572218202	0.00045856895567856	0.0360378101083263	0.226852300192639	9.055324011268	9.08914716272617	9.24000689248116	9.03203165531825	7.94557079944769	7.92103938786373	8.46432394404342	7.8323390523417
ILMN_1705301	TEAD4	-1.36329705403932	8.76125510691537	-5.10453777256742	0.000327960785562986	0.0308084836558866	0.550629049963185	7.81087472285734	8.02703835796736	8.371418186295	8.10909505246314	9.85421554688273	9.80202289916905	9.22228925278846	8.89308683689985
ILMN_1687652	TGFB3	1.63047700712396	8.05512415542616	5.73706200287363	0.00012446774446506	0.0193897836769472	1.48093756699052	8.97150269079874	8.41002566277553	8.84763417238302	9.25228810999529	7.20772188776921	7.30870415388632	7.78969481981485	6.65342174598634
ILMN_1679267	TGM2	-2.02863273285721	6.86853218086634	-9.82454671754183	7.94656654716864e-07	0.0017544906178276	6.07373728180177	5.90564718513474	5.7172397072692	6.09346050698551	5.70051585836149	7.93985659917867	7.8239011069818	8.05937478259528	7.70826170042402
ILMN_1750518	THOC4	-1.12121087982184	9.16093283023517	-4.67249689592526	0.000656641842934049	0.0424512234151184	-0.120701062982287	8.71046265589141	8.40306830873903	8.41002566277553	8.87775293389106	10.2093113359897	9.59394417866474	9.44042823539064	9.6424693305393
ILMN_2364062	THOC4	-1.49816721423208	7.22163497386274	-4.80052458845244	0.000533092358703479	0.038357649924922	0.0811673398628692	7.023359320089	6.62693077060742	6.02815423740816	6.21176113888224	8.73509485967787	7.70257067202734	7.82022855556899	7.62498023664093
ILMN_1779875	THY1	3.81963506242475	8.42034584398279	5.91899636295143	9.51840374380773e-05	0.0179759691094266	1.73670128892527	10.2125488896608	9.00133076241798	11.5167884855346	10.5899853631673	7.39945369902007	4.75673823660076	7.65231596404898	6.23360535141185
ILMN_1663399	TIMP4	-3.11831721200532	6.40487816855141	-6.02031550346315	8.2140023158572e-05	0.0169714312007829	1.87684637569385	4.70455792852592	5.013380558615	4.94744770854332	4.71749205451076	9.08540678010979	8.30744193182765	6.07476357217158	8.38853481410727
ILMN_1803995	TM7SF3	1.40490582070649	9.44812140535196	4.63965393730044	0.000692961472633964	0.0434650399465471	-0.172872685638052	10.4317646572461	10.2188623769772	10.2064831061283	9.74518712246922	8.25439164331467	9.49447685275761	8.91479584996937	8.31900963395318
ILMN_1654516	TMEM120A	-1.17286192608512	9.37596665349661	-4.76910073493738	0.000560958265524079	0.0396142450656987	0.0318436737667867	8.82767473667059	8.79021556542739	8.88106429611807	8.65918816360013	10.500953419232	9.81921516517853	9.48828938738031	10.0411324943658
ILMN_1773935	TMEM165	-1.1747561786238	8.38926792071301	-5.18618529073124	0.000288485863068687	0.029192157651668	0.674278331415314	7.69125292966781	8.08233598848356	7.83412175201992	7.59984865543315	9.33010161799747	8.80317845208531	9.05980878371806	8.71349518629882
ILMN_3241657	TMEM204	-1.53913999643404	9.77805367241309	-5.27541236085077	0.000251030303008225	0.0270043442323963	0.808208848843547	8.5762463588777	9.29483634783639	8.49075996689926	9.67209202317093	10.4160361720964	10.7195435057222	10.7426291487572	10.3122858559446
ILMN_1704154	TNFRSF19	1.099620737365	10.2773409167112	4.91665484851425	0.000442124169862177	0.0357447943064579	0.262163203141472	11.1950729672419	10.621886377397	10.865986575706	10.6256592212299	9.74064024451247	9.7687740530148	9.93725311573514	9.46345477885227
ILMN_1661825	TNFRSF6B	-1.97291341692878	5.99844581518767	-5.72548377328976	0.000126630506378475	0.0193897836769472	1.46448176527755	5.08784808693365	4.80400354398565	4.85375270560334	5.30235209037049	6.81982065972435	7.92348835084659	7.09866123010331	6.097639853934
ILMN_2214197	TP53INP1	1.80484186617226	8.4448014013101	4.72563488667061	0.000602055217844584	0.0413092081172216	-0.0366225892266598	9.43830204091942	9.50857687506566	8.76316125387564	9.67884916772419	6.38282052458277	7.76080970916658	7.7383841069948	8.28750753215172
ILMN_1714108	TP53INP1	1.38749883207954	9.35217107063367	5.32323313391206	0.000233108403975575	0.0268528788488188	0.879470635345446	9.8642506062398	10.1562164580441	9.61784224451065	10.5453726378992	8.25628155971998	8.68422344507688	8.95491698766074	8.73826462591799
ILMN_3305055	TP63	1.8931860471283	6.38574989540565	4.80273773710358	0.000531185540628108	0.038357649924922	0.0846356091659537	7.48821839197221	6.36514957517551	8.47031079165917	7.00569291707232	5.20473723133332	5.12092726465311	5.6345105240019	5.79645246737769
ILMN_1780349	TPR	1.80242649752607	9.00661075084949	5.71333918662404	0.000128942060357876	0.0193897836769472	1.44719796832976	9.5287165586641	9.50030416679939	10.6183103888122	9.98396488417444	8.00186088449481	8.33102224908729	7.52039204640881	8.56831482835491
ILMN_2405991	TRAF7	-1.11532317635739	6.81963220911404	-4.53761367927269	0.000819892581053644	0.0487097443866315	-0.33595035185937	6.22489538513061	6.33756547356621	6.59716726844412	5.88825435660045	7.76954097131885	7.22816734952736	7.02977695275972	7.48168991556501
ILMN_1745079	TRIM2	1.8336081430506	8.10128678558888	5.01060973694509	0.000380542819659207	0.0339063395641886	0.407097154058403	9.58076715546207	9.1466840013659	9.0211564644442	8.32375580718456	6.91171251408457	6.9259146060876	6.70606869017243	8.19423504590972
ILMN_1655611	TSHZ2	1.66950570248163	6.7776498021707	5.39107215739095	0.000209974023331192	0.0249461491130593	0.979941092542339	7.71135934795736	7.11018711815043	8.08500249541422	7.54306165212405	5.23762637368939	6.10375862160413	6.52824379372601	5.90195901470001
ILMN_1683263	TSPAN8	2.1765516393704	9.33337633038386	5.03576177346554	0.000365642608951472	0.0332652422206887	0.445666137086362	10.7303860962335	10.1539136024848	10.2255295443764	10.5767793571816	6.73680013894675	8.9349225237182	8.46911325029875	8.83956612983094
ILMN_1802753	TSSC4	-1.04570859413605	8.61778758492463	-4.68385141332489	0.000644555507946378	0.0422665181623149	-0.102700575119705	8.05108604941213	7.91433299364198	8.32017824636459	8.09413586200773	9.43990149841282	9.05469155927339	8.78268382423682	9.28529064604762
ILMN_1677429	TWIST2	-1.89224173883616	6.83510206982515	-5.70990179349707	0.000129604436123576	0.0193897836769472	1.44230169251748	6.40439057941657	6.08389813175271	5.05937503091488	6.00826105954413	7.5947102835849	7.854934792217	7.28293846219897	8.39230821897205
ILMN_2353240	USF1	-1.17532628138839	5.87781364973564	-4.85116791305189	0.000491208544652342	0.0367442184309013	0.160347893780751	5.32425216931917	5.60143172588328	5.23446375916868	5.00045438179463	6.80209381243549	6.02289414289587	6.39863659533684	6.63828261105114
ILMN_1692698	VASH2	1.51640404334486	5.73173162580949	6.74767201589796	2.96985619399234e-05	0.00983314517214154	2.83554207284359	6.41179221592931	6.10643687620238	6.85953186469174	6.58197363310423	4.95526695489718	4.81441144826278	5.11850351062845	5.00593650275983
ILMN_2307903	VCAM1	2.80762681005295	8.55488061786084	5.36202256085435	0.0002195677144946	0.0259333867230844	0.937007764704775	9.74206371309967	9.70464584533484	9.68398314736043	10.7040833857543	5.4452379323646	7.74385762978864	8.30242213298048	7.11275115620373
ILMN_1678939	VNN2	-2.84169497562153	8.48857189032158	-6.95400943617362	2.25356160631257e-05	0.00827548795685365	3.09270030824219	7.48055076018984	7.06740500550634	6.42859845981491	7.29434338453218	10.9751697322409	9.20122527403833	10.2831443999009	9.17813810634925
ILMN_1676413	VSNL1	1.59965280943764	5.69229317143189	5.29971555554431	0.000241746496816619	0.026975436443123	0.844470347268488	6.08790502820801	7.45262009297229	6.21814598814382	6.20980719527872	4.95537945022272	4.82945717721306	4.92597603508149	4.85905440433502
ILMN_1809866	WDR74	-1.37813435317653	7.73427559369109	-4.53400000001368	0.000824812228560082	0.0487097443866315	-0.341752601360943	7.88861963424445	6.52378715004799	6.69212211171791	7.07630477240094	8.75624050107305	8.38321230558212	8.18941136256526	8.36450691189699
ILMN_1658426	WNT10A	1.47560848325778	5.52617709528663	5.2765578201587	0.00025058436582321	0.0270043442323963	0.809920025510564	7.06800670967438	6.08898342684002	5.79605011547782	6.10288509566984	4.63747651612559	4.76807215647636	4.83182228340154	4.91612045862747
ILMN_1750496	ZBTB16	-1.62930581166105	7.11911739664222	-4.72648273115991	0.000601223979465708	0.0413092081172216	-0.0352844233188785	5.95960370760864	6.80479495699927	6.77827651582477	5.67518278281411	7.58798837597722	8.22348756321554	8.54230431922581	7.38130095147242
ILMN_1654262	ZMAT3	1.73446808369925	9.73459650744824	5.59160843332339	0.000154752965244173	0.0210366510361275	1.27265071215947	10.7872513689464	10.6314506337518	10.1758843086881	10.8127358858052	8.64357156833269	9.44478399922356	9.26397275398627	8.11712154085195
ILMN_1757627	ZMYND19	-1.1263398952335	7.49920200224372	-4.87431189614518	0.000473235664813016	0.0360390319412642	0.196404989338962	6.81663451776678	6.58466070248644	7.29636270649328	7.0464702917614	8.33986912275834	7.84300243539118	8.0773226898407	7.98929355145167
ILMN_2225548	ZNF521	1.64915078133721	5.93867617457982	5.25566081271393	0.000258853365516726	0.0272294865799027	0.778669827517765	6.42594193369153	6.26349845331999	6.64484289002343	7.71872298395873	4.80919035254767	5.20653954522032	5.23150717428962	5.20916606358725
ILMN_1675007	ZSCAN5A	-1.17444889422448	5.79851151783227	-4.73972110934195	0.000588400329566024	0.041120835488737	-0.0144038061596019	5.35438682505406	5.36037938651507	5.27361423749693	4.85676783381407	6.93087567943741	6.16048367514765	6.13238950429702	6.31919500089597
